50.63239
45.33611
50.62657
46.03287
47.35894
50.18206
46.09053
46.69098
46.80569
46.69098
44.08314
43.36043
58.30592
49.36140
48.89775
45.53429
47.53393
53.02992
44.07895
46.53810
28.34865
47.15789
49.50078
45.09843
44.99484
51.40533
53.79293
48.80304
46.24060
60.01367
44.44444
47.16387
50.13393
47.86334
49.61420
47.20408
43.86905
51.36972
45.38299
45.77426
48.51283
52.40439
40.37946
51.09890
46.19438
41.19458
48.32361
51.39961
48.62013
48.38320
52.94002
44.08122
46.42857
53.24968
47.69164
29.68384
52.66393
47.10472
48.77308
50.99432
44.89051
44.69246
49.23246
46.11971
55.01385
44.33514
51.18679
49.36424
45.30261
41.30205
49.51558
48.96536
46.11967
54.34586
54.28200
54.37287
44.14950
46.78363
43.58264
47.13868
51.08589
45.06433
47.09572
40.46406
46.06990
47.61905
56.37119
43.17122
51.80055
48.11480
44.41138
53.14327
46.38923
51.51938
45.44509
52.21878
46.64054
43.94283
46.74161
43.47701
39.66814
43.07423
57.02918
43.72126
53.61248
50.24631
47.36308
47.87490
42.85506
42.06178
47.53373
48.38834
51.89201
49.20168
42.83815
53.23073
46.00284
45.72704
42.91819
46.36742
46.11111
44.80296
45.76756
50.04028
51.03460
49.63866
51.29803
51.17253
49.17535
51.61723
49.57091
37.44213
43.44043
46.62309
44.48040
48.28532
59.65132
52.49330
39.22306
50.63950
43.55101
58.17217
43.84465
46.40919
43.53256
45.71846
51.54553
49.00264
47.55866
49.28793
40.67836
46.39724
45.43074
47.54182
45.19253
34.25040
44.31337
51.12627
46.85243
45.64295
45.05800
49.85922
47.22562
58.92245
44.89164
44.06130
48.91590
49.83223
49.76218
44.27388
46.61346
48.53255
49.03477
45.86466
37.60810
43.00036
48.41217
42.10526
58.93789
47.96026
42.89757
50.61346
45.81072
39.03121
57.69468
45.69627
58.37321
43.37005
46.82374
46.43963
45.49164
42.40774
47.87589
52.27096
47.22807
49.48482
52.68123
44.51754
41.42300
44.34925
48.06815
50.89423
44.72560
43.65150
50.55627
49.78976
43.90142
49.46921
49.30660
50.12346
44.34362
51.93280
54.54191
45.54017
43.26850
48.09370
48.84356
51.93815
44.24476
48.43275
43.32478
51.33772
51.47341
44.83553
34.89279
52.07639
42.04579
47.77173
47.93372
56.89527
33.80117
43.96152
44.12768
44.91616
49.26544
47.03196
48.41188
50.15949
44.10120
45.24434
45.22505
40.18576
45.75519
51.49798
45.58396
48.69527
