23.69048
24.10853
24.55026
27.65258
23.03030
24.71326
25.81741
23.29268
25.58052
24.25926
25.58052
22.48889
23.50575
24.61494
24.39771
24.93982
23.92060
20.16129
23.04463
24.24475
23.96313
26.88172
28.49867
23.57125
24.81764
23.66202
24.76858
24.66106
28.26192
23.88469
16.50854
25.91051
22.55307
23.30865
25.05579
23.23232
23.75107
24.57937
22.79116
24.12979
27.08772
25.06061
28.04762
25.26718
20.77778
22.25738
23.09859
23.47932
30.16667
31.17949
41.07143
24.81061
22.91188
20.03205
23.62162
22.46187
23.76147
22.79116
24.30348
25.38462
19.90476
25.11278
24.68927
27.38095
25.33333
28.20621
24.98016
19.76190
24.31953
23.66906
26.24000
26.03865
22.29885
24.46771
24.65278
25.21964
26.34921
25.63218
23.30484
22.71429
25.48822
24.63768
17.05882
25.47486
26.46259
24.55026
25.46667
23.63889
20.65359
23.66300
22.84810
27.68271
23.63636
25.97884
26.56766
23.97590
19.76190
24.57895
25.33333
25.09887
25.90909
27.07071
26.86717
23.98754
24.90566
23.09859
24.86989
22.58772
24.35028
22.39766
24.74138
24.61187
23.11594
25.04032
23.28767
22.33333
22.33996
24.74926
23.33333
24.18391
27.41935
21.21429
24.53184
24.79339
24.87943
25.08251
23.66667
27.96296
24.38967
23.38936
26.71569
20.77778
25.63218
24.16107
21.99405
26.92982
26.12613
25.47980
24.14474
24.08602
25.04348
24.42029
22.08696
23.38624
23.77451
19.48357
23.69369
30.17778
29.25926
25.56604
24.69428
20.03205
20.62706
22.78027
27.04545
24.28571
26.52174
30.06231
23.03704
25.39394
24.28571
22.29885
19.48357
25.01916
22.81787
23.46939
21.21763
22.77040
21.99056
24.74562
20.59303
22.75434
24.54025
19.57407
22.89924
25.58551
24.67373
22.35348
25.31309
27.99043
22.61603
20.03205
22.73183
21.84652
24.42495
23.78495
20.77778
20.03205
24.58050
26.15054
25.68421
24.87269
22.22222
22.62327
24.67862
24.61538
28.02846
23.76238
22.43902
24.69880
25.37919
24.55285
21.78862
21.21429
24.11017
26.81319
24.42029
24.53704
20.77778
22.08791
24.19501
25.32091
25.64815
28.79085
24.59649
26.50980
26.77419
24.72347
23.17610
23.35484
22.13992
24.36242
24.73856
23.09859
24.74138
25.11416
25.89971
28.67384
23.97559
25.05579
25.28206
27.71419
23.03682
27.02197
22.95220
25.93947
23.01769
19.38586
23.78758
23.75079
24.88095
24.82940
23.16239
22.84722
24.69880
25.54307
25.50725
23.86667
21.78862
24.36594
23.36930
23.78571
27.01646
20.77778
22.11740
21.21429
24.81061
22.43902
20.22654
26.05505
26.88249
25.49894
23.33333
23.86667
24.38406
25.12616
19.48357
26.26126
26.26204
25.00000
27.08333
22.14286
21.16959
26.38211
24.46328
23.55372
25.91195
23.76667
24.54277
