37.23092
36.29401
39.67603
43.85519
37.87888
39.95566
41.21305
40.44150
38.98518
38.09075
38.98518
34.85145
37.40519
41.12551
39.67603
40.12557
38.65026
40.37491
39.40470
41.09589
40.16589
36.22631
38.14861
38.39319
43.37900
42.31126
42.43050
42.63343
37.59155
39.51140
39.92375
37.47532
42.02072
40.25822
27.97941
41.71697
40.44582
42.01029
41.14379
40.15180
40.07226
41.41045
38.27539
40.30558
37.95929
43.85519
40.03271
38.11442
37.40780
42.74414
43.75000
44.23927
38.49469
39.15102
37.50000
36.33890
36.97498
36.68560
38.61848
42.29657
31.40462
40.42475
40.44701
42.53878
42.74837
41.81467
43.26331
41.20346
39.03475
40.50216
41.37122
40.95933
43.04959
38.00937
42.72772
38.27558
37.79966
40.57404
41.83859
40.73642
38.70841
27.21286
42.42570
38.68866
39.38852
43.84363
38.89357
40.00000
42.74837
41.25714
40.77976
36.21730
41.08516
40.74405
39.01325
42.14831
42.84327
39.99134
39.03475
39.12500
40.42627
38.79276
45.99532
42.63959
43.98671
36.63866
42.44618
39.42857
37.62877
38.75283
36.46370
44.21738
40.96804
41.86644
41.55251
39.45874
45.59395
37.26796
38.44038
43.89432
38.11442
41.09589
39.25077
36.31318
41.16035
39.40600
40.54767
43.41454
37.10065
36.70423
38.04052
38.09105
40.81510
45.77465
40.01419
38.92304
41.63660
43.84977
39.05398
37.47532
37.92100
38.98285
40.89583
39.93793
40.37870
39.84487
38.48496
39.95348
44.11340
47.54473
42.36982
38.25278
38.50992
40.18745
37.89954
43.37274
37.50129
36.44860
43.57877
38.92694
40.42981
38.70841
36.44734
37.43058
39.84690
39.09517
39.77740
36.47516
40.86532
38.72497
38.71593
40.72681
37.12836
36.75273
36.11111
36.37389
38.02295
37.32877
39.75271
36.44860
41.44292
36.08420
38.65455
44.48214
36.11111
40.00777
36.25944
38.64122
38.50937
38.11442
42.04284
39.51419
38.66368
36.25718
36.28615
40.38984
40.61644
45.40616
37.27889
38.30209
38.92416
38.77878
39.52776
34.81064
38.65949
38.02493
40.77528
38.24817
42.02147
38.11442
34.26163
36.76565
40.76930
38.46723
48.50927
41.02539
40.36283
41.06514
39.90403
40.56890
39.36909
41.10915
40.31449
40.89977
41.84835
39.53803
41.17865
41.42354
49.97924
40.58447
41.21228
38.75571
43.91258
38.03510
43.97067
38.20555
38.77433
38.50937
36.44860
41.44292
40.69584
41.70294
39.19070
36.95969
34.03085
40.51469
40.01349
41.74521
38.62158
35.79122
41.89940
39.29192
39.35875
41.75928
38.11442
37.64914
39.48605
37.80466
36.44860
40.30413
40.74074
40.92466
37.38122
38.25947
40.75147
40.14446
39.55084
39.03475
46.30137
39.90894
36.36278
33.92857
42.85714
39.09408
38.26374
42.97852
38.12857
