26.82927
27.67135
27.83265
33.54497
26.14883
27.99186
28.01985
26.39188
28.53073
26.56325
28.53073
24.79980
25.84610
30.00000
27.75325
29.72460
27.56870
25.07123
27.51111
25.53540
30.64815
31.43875
27.83265
28.05068
26.40806
26.80601
26.11865
29.22995
32.71605
27.26424
29.11681
20.08857
31.11718
28.71148
28.45883
30.29730
24.47090
26.38603
26.03857
26.04988
28.34800
27.98641
32.93506
27.14286
23.31551
24.58651
29.39821
26.97770
38.24490
12.24490
80.00000
26.74074
26.25410
26.80601
25.48563
26.06838
26.68248
28.92817
29.91803
23.20261
27.58488
28.21154
27.72426
29.94317
29.64258
29.55481
28.98500
26.39541
26.55464
26.90387
29.74910
29.11306
24.27984
31.78744
26.22827
27.01352
30.61529
29.85009
29.00365
29.65647
20.08857
30.24320
27.83505
27.62800
28.79949
26.45288
26.53228
29.94317
28.98275
26.37681
27.16878
27.10682
29.39127
28.32833
26.92008
30.20175
29.55481
26.22896
26.39541
31.96328
29.68376
32.95094
32.95094
27.68505
30.67450
26.34456
30.50757
28.51397
25.96649
28.32285
24.99110
27.62010
26.87949
29.22502
31.53292
27.94834
25.27085
26.82540
25.36376
27.25443
31.53595
26.22771
26.43859
29.75625
26.09766
28.96406
26.97709
33.67478
27.82211
27.89474
32.67457
23.31551
28.96257
26.71233
24.70779
33.03030
30.11208
27.08960
27.11907
25.96708
27.79439
27.12121
25.63443
25.53127
29.46860
26.39541
27.74380
34.43443
35.48549
30.49498
28.08834
26.28551
26.80601
25.70755
31.68145
29.23280
30.11272
33.35149
27.30829
28.51333
29.23280
23.83838
26.39541
27.94806
25.11338
27.36070
25.37063
27.86679
24.63636
28.75467
26.84720
25.67627
27.45186
25.80759
25.78826
31.29870
27.98360
29.39821
29.82290
31.75034
27.44019
25.55944
28.48941
24.70588
25.94156
25.47863
23.31551
25.55944
29.40439
28.39097
29.16179
28.06672
25.21368
25.82731
29.62963
30.50682
34.05483
28.51118
25.97531
28.60874
27.15415
28.02424
26.39816
25.56150
25.96424
29.56522
27.25649
32.08845
23.31551
23.52941
24.85266
28.35616
29.19192
34.34137
28.59164
30.47456
31.19294
27.04982
25.95714
28.43024
28.59980
27.61696
29.94582
30.50757
27.85417
28.93082
30.98494
36.08187
28.00609
30.54287
28.03071
30.61343
26.70826
33.67725
27.46061
29.62963
25.95045
26.28551
29.76915
29.17091
28.11757
28.21038
26.08981
25.16926
28.98028
27.02847
28.27903
26.67668
27.23172
28.56673
26.75421
27.65206
29.99435
23.31551
24.74616
25.56150
26.25455
25.50303
25.55944
29.50649
29.14439
29.32551
24.90260
28.66162
28.04734
28.56155
26.77249
30.82192
29.79424
28.60874
31.86200
25.55055
22.97009
30.30303
27.57202
26.23955
30.29730
24.72318
26.23737
