32.91536
31.05031
30.06897
40.65268
32.31490
33.40355
31.93904
32.12121
31.78053
32.12121
28.54434
31.66545
29.95286
32.32955
30.86364
31.92779
33.41204
33.60390
29.40865
31.94915
26.77489
34.69697
33.00989
30.82040
33.24380
37.62458
30.80357
31.86090
19.03753
36.80704
37.52551
29.32975
32.62363
30.82217
32.40241
34.35065
30.67153
27.08838
35.08300
10.62937
32.52450
34.42350
30.29091
32.50000
33.01793
38.38814
32.57131
34.33766
31.41414
33.97521
33.66008
39.14703
33.21476
24.86486
30.15787
31.81818
31.57307
29.72832
31.33734
31.21990
28.03885
28.87466
28.84286
29.03061
33.59300
34.27652
25.91699
31.57416
33.38134
34.54545
32.98199
33.04348
35.43831
32.46465
27.76655
32.41239
31.77757
34.70471
34.71944
28.33333
37.56406
29.53748
31.22995
38.04408
32.99534
32.86536
20.42208
34.89767
32.51043
30.06897
35.70790
29.96633
32.68250
26.93815
32.39303
32.75670
31.10000
30.19892
35.19279
31.17122
30.16055
33.58663
34.82143
30.27457
32.26551
31.86964
29.37304
35.13969
34.82151
30.01490
32.21100
32.61688
29.56272
32.61596
32.19757
31.94969
29.00568
35.24927
35.71268
33.99522
31.73962
37.87013
37.57576
29.99223
31.45597
35.12083
23.58974
32.56109
30.09768
35.36551
30.38119
28.45622
30.89444
29.98199
32.67625
32.04633
30.12218
30.83461
32.90816
37.45895
37.12625
34.62470
30.78686
27.79503
31.44089
35.40179
30.88370
31.96831
30.24892
30.02820
26.61360
31.21370
32.06439
32.86536
28.81356
28.46951
33.00641
32.42808
29.76709
29.83355
27.81663
38.28700
30.42781
33.31252
32.12500
27.31990
30.41872
36.50000
29.51580
29.57298
37.51560
31.87500
33.96164
32.70142
30.29101
31.83838
32.82360
27.81663
30.33113
28.91656
30.94026
32.21100
34.87232
30.93333
31.00563
30.03135
33.09537
29.50558
38.38474
32.48408
24.86486
27.81663
34.79085
27.97521
34.20014
31.05016
30.15674
32.82172
33.61419
27.05295
33.60848
29.84170
30.87041
32.43636
32.29339
40.59905
35.23156
34.45676
41.17458
33.27886
27.97521
32.58343
32.89091
32.42301
33.84615
24.86486
27.29109
30.90909
33.32231
30.52381
30.89286
32.36063
33.29832
30.02801
33.96164
31.01074
33.56481
29.85554
30.99005
34.91541
31.63580
35.45455
31.89773
27.81663
35.37500
36.38999
31.99696
30.66986
41.17458
32.02661
38.60140
30.81294
34.75325
31.64538
32.40530
33.63018
30.37330
27.97521
32.55203
33.99781
33.11515
35.15734
33.05785
30.63539
9.21212
31.20090
34.97055
34.97305
32.49837
31.95793
34.02610
29.05958
31.67377
31.29473
28.86631
35.73807
35.43671
31.36911
25.19936
34.05920
31.67677
33.34603
35.30481
24.86486
30.33954
30.46940
31.39524
32.78879
28.15937
