24.69697
23.65782
25.43860
24.13793
25.13052
24.15789
22.77778
23.20789
22.56881
22.92381
23.14951
25.91463
19.39891
26.37597
24.95994
27.41758
18.42342
21.92381
22.45399
23.73397
25.60606
22.74802
26.32850
24.48029
25.49020
25.01016
22.02703
26.41805
20.57576
22.42972
20.69444
26.21723
26.22642
23.15603
23.86207
24.73995
25.06849
25.99291
28.74720
24.47257
24.39940
21.74797
25.27174
27.73050
22.90230
22.98354
23.93590
25.10225
16.36905
28.76068
24.14216
24.00575
26.71322
20.95679
26.00513
25.74786
28.59873
24.70954
23.59195
25.69444
29.96296
23.60360
18.42342
21.92381
24.40669
24.48307
23.49502
26.79654
24.43894
23.17647
23.24289
24.22399
23.27236
26.24284
21.88596
24.58835
25.98667
22.14286
25.19113
22.13889
24.23963
27.57576
23.41065
20.94378
24.78632
22.63986
24.96667
21.66667
24.16667
25.28351
24.63902
24.43182
26.95804
23.71486
26.83908
15.80460
25.55829
22.10452
22.76570
24.97199
25.29724
28.51852
22.39247
22.84247
27.69547
25.64236
22.81401
26.18774
26.92204
24.57165
31.45349
24.43894
22.90344
23.43516
22.71203
22.78237
22.40741
24.84940
28.78378
22.45399
23.04630
20.94378
24.86822
24.76054
21.55235
22.28495
26.85673
25.85406
22.05234
25.74786
25.07375
25.41528
23.17647
24.01294
22.11111
23.33333
25.60976
26.12613
26.24717
24.65560
25.34529
26.57952
28.16456
18.42342
25.91228
24.82932
20.28822
29.50549
27.10843
25.14970
26.73092
25.81925
22.45537
20.73361
22.16495
22.39604
22.49104
21.10679
22.78937
19.33630
22.93347
26.94600
26.08099
23.86381
22.41379
24.45135
22.81515
21.37476
22.32806
28.23545
23.51695
24.56606
28.26877
22.28632
24.63864
23.56061
22.13450
22.45935
25.98000
27.79762
28.66097
24.64646
23.00469
25.65432
29.65392
25.37037
24.02299
21.50538
25.13052
22.34742
24.33333
25.32300
24.19476
27.80231
20.85553
24.12463
20.96343
23.80171
28.65689
24.22316
25.30657
22.77271
25.88598
17.77488
25.63218
24.93056
22.97753
27.51852
29.22316
25.44218
21.05263
22.18182
23.34524
28.17927
23.40625
24.74120
21.62698
30.78869
27.10027
23.62745
23.01149
25.17241
26.76845
27.05527
28.04167
24.37420
24.21340
27.48084
31.39241
23.13510
27.50000
23.17460
22.13889
26.28352
24.83871
26.07143
25.85282
26.00818
26.85536
24.91256
23.69827
24.32483
23.86668
24.89266
23.51310
21.86987
25.51032
24.76608
26.95375
23.87610
24.39024
22.16563
23.11150
27.69933
27.42040
26.52512
