36.31579
32.61456
32.54095
42.38839
33.60627
35.21883
32.53648
34.20966
33.22394
34.20966
29.27973
29.87836
33.87948
29.75473
37.88265
29.21063
26.41129
36.82540
34.15816
30.13996
33.82653
30.87194
32.55441
35.56049
32.54095
35.18100
34.23521
32.95635
36.82540
35.61663
33.32289
33.52649
35.48183
37.90923
39.21476
35.17558
32.91171
34.41653
36.52667
33.20949
29.18118
33.36809
34.19643
21.15148
36.27820
33.63520
31.72950
32.55441
34.67443
37.68198
33.76657
34.21053
35.03744
40.72719
33.34942
28.71622
30.36717
34.40189
33.63748
31.18061
29.66341
35.93358
31.07315
33.76984
30.92437
31.59648
31.18061
35.01116
35.59648
27.65625
33.43195
33.87446
29.91071
31.32086
34.99492
35.83333
33.34892
29.75473
32.50184
33.61751
35.70238
34.97426
34.89889
36.62958
32.11771
33.57143
37.97026
34.43878
34.38589
21.15148
36.49107
34.38283
32.54095
32.80632
37.30323
36.18332
32.70793
31.82969
33.67372
36.45809
34.51791
30.42161
32.48631
35.86777
32.80234
31.08003
35.05898
33.95954
33.66304
30.77731
36.36878
36.85967
32.18537
35.25132
33.78363
31.38494
35.84605
32.52273
31.79191
33.15249
30.78322
33.84701
38.70813
31.93182
31.33536
31.10735
38.58885
26.56250
34.44139
33.06909
33.30499
33.15603
32.45432
40.06849
39.79592
30.77477
31.96942
33.26561
33.76156
31.44499
32.93890
30.87054
31.45811
40.21577
35.77658
35.19164
35.82016
33.11258
39.11565
32.73444
33.53372
32.13068
31.44600
30.71047
42.42424
43.46723
36.45161
33.32415
29.71175
33.86809
33.63982
33.27483
39.41429
39.90714
34.38589
35.22440
31.73243
33.45754
34.38589
29.89719
29.75473
33.06878
30.24749
30.90000
35.22523
32.06818
33.30787
32.10744
33.09833
34.14394
29.71175
32.52418
37.66845
35.69024
35.02738
37.74704
35.55945
29.18118
36.77945
30.22416
31.66972
40.99733
29.18118
31.53595
30.40207
31.87864
31.40816
26.56250
34.29585
32.55608
33.96916
36.45833
29.59449
35.21883
30.18433
32.16036
33.88814
35.52956
42.53861
34.09278
33.45918
34.88372
45.52032
34.61180
33.14964
33.34964
32.89940
38.24751
26.56250
29.64632
30.24160
38.68922
36.12121
36.36364
29.82193
32.10978
31.10251
35.24111
33.21359
35.19405
33.87130
32.65284
33.87681
41.11498
32.34486
36.57468
34.03239
32.99386
36.75373
36.27820
32.26601
29.96516
44.65799
32.30519
31.93522
28.97167
32.95635
33.00552
29.42037
36.77945
34.68192
33.64122
33.82653
33.77488
38.10080
32.34890
36.79337
31.01852
32.11859
30.37419
35.23057
34.20348
34.89445
30.66449
33.68607
34.42387
37.26545
31.90909
31.63812
35.82955
35.72777
30.78322
35.83248
34.59002
38.79115
27.04545
30.74657
