31.69562
31.00292
33.63339
33.50369
31.99048
28.68724
30.98558
32.00603
32.90186
34.66172
34.94043
31.91396
33.01585
28.90625
30.24560
30.48449
32.17409
32.86804
31.23489
33.10137
34.63738
28.17665
31.96759
30.38274
34.41558
31.86343
32.94825
34.08636
38.30375
34.36989
31.93548
35.98077
32.74573
27.53846
31.62294
33.92213
36.58088
31.69768
32.25806
38.40825
31.73024
28.78904
29.25107
29.25373
30.01244
30.32602
33.23841
34.67522
25.45067
34.93716
30.57440
34.78073
31.65874
33.79653
33.86723
36.25327
32.38810
34.14488
33.20513
35.14766
27.12500
18.94737
31.62884
30.93906
33.11224
30.35996
28.60860
32.56382
31.25912
32.34188
29.66407
31.27548
28.35953
33.01217
28.47594
25.86898
32.96688
30.76471
29.61203
35.01289
33.63980
30.58657
27.79343
30.23210
28.77208
27.10726
30.45272
28.58993
35.78471
32.61084
27.50567
30.21913
30.21792
28.77668
29.15778
33.63492
29.86555
34.71873
31.83924
32.37277
29.99147
29.61294
29.87456
28.14815
31.37296
29.84231
30.33073
31.88406
32.21393
37.70879
29.02998
32.76542
30.62830
28.22169
28.83788
25.66845
29.54222
33.21078
31.67234
30.22559
29.31355
29.80342
25.99383
29.96511
33.82971
28.10662
32.39277
33.04537
27.13791
32.45044
32.90014
33.26096
32.33479
35.67611
29.82982
30.94595
33.88278
34.68502
30.64364
29.32967
31.85277
30.33348
27.26923
40.78947
80.25210
36.53846
31.33373
33.59181
30.99595
40.08945
29.08361
29.60754
32.37699
33.54839
29.72465
24.58865
30.07424
26.60407
28.67753
31.53588
32.01916
31.93906
30.53257
30.10575
32.41597
29.85471
33.66679
32.95626
33.98554
32.69704
31.12731
29.96678
29.87970
26.03571
31.69611
28.65854
31.18915
32.71429
33.14408
25.09434
28.88393
32.16680
28.62196
32.72366
32.47978
28.06638
32.01778
30.60978
27.67540
33.71833
34.02462
31.44184
36.38125
35.15939
25.57720
32.58929
34.18534
28.40887
22.71062
32.33513
31.84080
30.82473
32.26069
32.28475
