17.37711
15.43494
15.82908
21.06227
16.68498
16.68043
16.49160
15.93666
16.13062
15.78772
14.57270
15.13859
16.09091
16.03306
16.79144
17.50407
14.49134
12.16783
18.89610
16.91046
15.16883
17.76623
14.76874
17.94372
18.46237
14.56573
16.70673
15.74916
14.64015
17.11765
15.54233
15.20202
15.43084
17.38710
17.87234
16.78949
16.40709
16.53118
16.41445
18.15476
15.91022
14.83269
16.17647
17.15476
10.19089
18.43561
18.28877
15.16790
16.16806
17.26361
20.83437
16.45728
18.89177
18.16587
21.72373
16.71473
14.49495
14.39864
18.45209
16.15222
15.72254
15.29966
17.72516
16.17177
16.76533
15.03030
15.80645
15.72254
16.61841
17.88628
14.27148
17.68485
16.06513
15.66695
15.67809
16.55687
18.74380
16.45161
15.64134
17.59959
16.92985
16.79654
17.84603
17.57282
18.29428
16.33588
17.64187
19.05647
16.84848
16.66283
10.55821
17.67017
17.68140
16.11688
16.64336
17.60385
18.40909
16.05564
16.54809
16.78617
18.25654
17.21085
15.07631
15.23282
17.69401
15.96537
14.85390
17.38676
17.53944
16.36905
15.83759
18.27580
17.50363
16.05691
18.62599
17.17918
15.61803
17.39912
15.33857
15.37151
16.21464
16.03009
16.42661
22.22222
16.04524
15.98916
15.40373
18.52704
14.49495
17.86561
16.14545
12.95455
16.14815
16.85746
18.81313
18.94469
16.08629
16.15935
16.10409
14.57700
15.14202
16.89732
16.25259
14.83408
18.46465
17.28992
17.67857
18.37733
15.95982
19.79346
16.29605
16.08862
15.81676
14.91456
15.35354
15.66695
22.11416
19.42149
17.10879
15.95644
14.83508
15.29720
14.09423
15.98746
21.87982
18.77551
16.66283
17.77582
16.15295
16.50127
16.66283
14.49036
15.64134
16.51056
15.90484
15.40947
17.83114
15.04121
16.00877
15.74477
14.46310
15.42740
14.57016
14.95411
17.94218
16.93656
17.88095
17.58540
17.67184
15.10238
17.71901
15.93939
16.02694
18.91066
15.10238
15.60819
14.85443
15.32727
15.73305
14.49495
16.68165
16.67759
17.95113
14.92481
16.58456
14.54204
14.24792
16.10023
18.83117
20.38690
16.57505
14.65565
15.21142
17.51412
17.57576
15.79162
16.64463
15.89942
16.94683
14.51337
14.88851
18.47780
13.73206
22.15179
16.04978
18.73041
17.22165
15.10048
15.75351
15.71524
16.95286
16.02945
15.79409
16.31982
19.78920
16.26263
19.83683
16.54989
16.26866
16.49507
17.32283
17.54862
18.77081
17.02207
15.03030
21.21212
20.25712
15.37190
13.46687
16.93319
15.55325
14.83508
17.61227
17.19821
16.29870
17.56549
16.86869
19.09091
17.05447
17.66145
15.41612
15.24578
16.78571
15.81137
17.39130
14.13690
17.38411
16.88200
13.98635
14.39702
16.48787
15.10980
19.19192
18.84166
17.44856
15.79772
16.88200
17.14366
19.93464
