29.65015
30.18707
29.46550
35.50317
27.47422
28.27734
27.89664
30.35102
28.97196
28.94936
30.97077
29.22147
30.97077
27.02041
28.97534
34.57792
29.40292
32.97505
31.29579
36.60201
31.78517
26.47569
28.69832
31.49718
30.01101
28.84732
29.26089
28.57143
26.45858
29.77499
32.45636
30.53830
27.46151
27.39592
27.47422
27.62496
30.72157
31.53299
24.31078
30.74095
30.63328
30.14242
30.75546
21.37755
32.16327
32.70345
30.14129
29.07658
31.78668
32.43440
27.61615
30.74141
31.56787
34.18637
30.67971
31.94933
28.88540
28.57143
31.94736
31.86996
29.08163
26.05442
30.56122
31.83673
28.12689
27.09360
30.21906
31.40590
29.39787
28.24160
28.46587
30.31076
31.63789
28.97072
30.97364
30.37011
34.33814
33.98887
29.68460
28.01772
33.66055
31.85306
30.75139
30.75061
29.85266
27.83673
29.83153
30.85017
29.79167
33.81148
30.01736
29.82026
29.27885
28.66379
26.43443
30.50926
33.04598
29.66200
30.30914
25.95721
34.29487
32.04365
32.09808
32.38304
37.68927
28.17824
25.82688
33.80373
28.70169
30.15653
28.00628
30.19716
27.96353
36.20803
31.20844
29.93676
25.82688
28.10643
30.65432
30.05663
26.00463
27.23434
30.95013
25.90445
28.92894
31.34828
31.54155
29.79592
32.07818
28.25475
30.58467
27.47636
27.69366
34.29459
30.19716
31.70918
29.72707
28.88683
29.83631
29.55128
24.67949
26.44413
31.61892
27.46212
27.91667
32.27513
27.61628
35.11236
26.44413
28.85324
27.80720
27.95423
30.10204
29.16827
27.12638
27.78097
30.17336
33.15490
28.10856
29.71088
27.54230
29.05081
31.26531
30.45450
31.08844
25.95187
35.33354
23.94035
27.18367
28.31020
30.70362
29.75642
34.90278
25.27697
27.77973
28.12055
27.93003
29.81366
30.91837
30.07695
29.73761
29.98106
28.37393
28.50959
29.21931
31.36412
32.28458
30.72562
29.68362
26.88554
39.39813
31.02041
29.33884
28.03768
28.36439
29.02857
29.63822
29.27400
29.67514
29.18986
31.57895
30.94447
29.01580
26.70698
29.81366
30.66667
32.02512
34.27164
28.52009
31.74198
28.43014
25.85034
30.88861
29.12801
29.25170
29.67480
32.65449
32.59058
31.65064
28.69416
26.06838
26.49254
30.56944
29.47330
30.17344
26.95833
29.27260
26.96078
27.23039
30.57115
33.34380
30.67472
28.71287
32.48038
29.14385
30.22145
32.58017
25.93537
27.95918
28.09641
29.31973
30.26072
26.95173
25.19965
27.33990
32.08617
34.85642
29.10053
30.92737
30.46158
31.05391
31.38833
30.49781
30.90379
31.27863
30.28690
32.65306
30.67602
27.85609
30.68999
27.63605
27.23518
29.90333
31.17125
36.54262
30.33552
30.75952
30.27507
21.02041
33.21329
29.92503
29.95764
32.20128
29.14385
