36.87436
35.97679
36.47587
41.54200
35.81145
37.97980
38.79153
35.92573
38.39425
36.68262
37.94063
33.94707
34.61818
36.57617
37.54325
37.16748
35.46380
42.17729
35.95482
38.17927
37.81036
32.54535
39.54673
39.67234
45.45455
38.34971
23.87028
39.13043
36.73021
37.99357
39.24790
34.55112
37.98328
40.13158
38.12500
41.55093
37.89613
25.53354
34.00298
36.30401
37.04484
37.18750
49.17137
13.75000
37.77889
33.85617
34.76240
37.68025
37.23441
38.48273
33.70091
38.72759
44.20956
40.33385
46.31510
40.06825
32.34578
38.69643
38.57456
41.59564
41.00646
32.93651
40.32207
40.08333
40.06454
35.03937
33.32031
40.92262
36.03639
23.00205
40.09891
36.93388
40.10135
35.04808
35.87550
38.14212
37.48177
34.36197
39.41848
35.82989
29.51740
38.03030
37.63085
36.95652
42.93971
42.54808
43.59486
43.41755
37.86272
38.15789
37.02532
39.44043
35.26786
38.44086
32.69231
38.91129
37.77344
38.50119
41.02453
36.85025
40.85297
37.14630
37.21212
41.14833
26.26263
39.41059
36.47944
34.62121
41.88312
37.27638
39.58736
36.82735
38.34643
34.54545
34.94318
35.88780
34.46368
37.10159
33.86211
36.98273
39.11422
39.65334
38.11704
35.96814
39.78818
38.93120
34.52744
36.24527
35.56743
31.25000
36.86975
44.64286
41.97443
38.75000
39.23023
32.31027
34.58333
36.00485
45.04640
37.21591
42.87109
46.33152
36.65865
40.55677
37.17949
31.58144
31.36867
38.65132
35.00000
37.02818
33.84791
37.75084
31.34889
35.63218
38.28529
39.00709
34.97942
34.37799
39.48864
41.72682
35.56858
33.59899
37.55180
36.10693
25.22866
31.63377
37.25566
40.25974
34.67139
39.73208
36.99060
45.12365
35.95414
34.18509
38.86946
40.28035
40.39948
37.32639
33.19444
34.31208
37.53811
42.49356
39.26517
34.73837
26.76282
33.64899
36.54627
39.16420
35.36932
45.87156
36.96967
38.18934
49.80877
36.62232
39.59354
40.93768
44.47505
37.05168
43.97927
37.49617
40.75036
36.02900
32.41342
38.96659
39.50314
38.28024
35.79235
33.30447
36.66667
39.19844
39.74438
35.95960
32.16783
37.63889
38.81564
38.07791
33.91272
36.48036
32.70631
40.36239
41.39073
39.73214
34.54590
35.86483
40.53108
25.45732
40.42969
30.70312
38.70482
40.96841
36.66667
41.98529
34.27855
29.18269
39.56044
38.64087
36.60368
40.17857
34.91972
38.78205
