45.08108
44.14458
46.58065
57.43284
44.44792
45.20497
47.47143
43.75714
44.98795
44.22222
44.98795
43.42857
43.84466
51.66279
47.33333
40.36585
43.31551
49.13360
44.67857
44.85417
46.26415
48.08333
31.68889
50.69091
46.46729
46.50233
53.32743
46.29719
47.20280
45.16000
48.31579
45.67598
44.25581
47.40426
58.30303
46.31858
42.45161
43.23438
45.97101
43.96078
41.60000
43.49495
45.09554
50.02299
42.79070
44.18182
46.55172
45.54331
48.36530
43.37705
48.96241
46.38000
48.40471
53.64025
47.66091
52.86686
33.83958
42.70484
44.95627
46.33754
52.19433
48.25858
39.40025
48.93241
46.95367
49.28662
43.84466
49.50769
49.05155
46.28902
44.00000
50.88073
42.71264
46.20800
47.43046
42.18644
41.84615
43.80870
48.91228
49.94872
50.60465
41.01075
45.97101
47.74249
43.77778
41.85075
47.95376
46.35294
42.63265
45.50355
49.34524
48.66667
43.80952
53.35385
39.87879
49.63057
46.87692
41.50476
51.94737
51.46875
45.01220
46.03922
44.32692
49.01493
49.81197
49.81197
43.29897
42.94118
48.92683
45.08000
52.02899
51.57895
49.77778
44.62667
43.93878
45.43590
48.72081
45.08108
50.48571
45.86047
45.66071
43.18797
50.06154
40.63768
46.69140
37.85514
42.07683
45.88057
43.28932
44.53588
48.07372
44.51020
40.14213
44.83549
52.22546
45.18346
47.26828
51.24019
52.11579
46.59016
45.31429
46.00000
40.26667
46.35789
42.15152
49.45455
50.00000
45.52047
44.58621
48.00000
43.49495
44.49655
51.31343
46.74286
48.45249
47.56522
41.81579
49.24444
43.06250
42.75789
42.80000
46.33613
53.48387
43.25000
43.67532
51.31532
48.43411
43.93878
48.37681
43.53425
41.84615
56.60317
43.93878
44.25000
40.81301
43.10968
44.59542
39.87879
42.56604
47.34615
45.28395
44.55446
56.96774
45.71795
47.82938
47.18841
55.20280
50.70213
41.82353
45.54286
51.19048
45.37931
44.39070
50.00000
44.85375
48.45588
43.11429
47.68254
37.92405
40.45313
44.59420
48.91429
55.57447
47.04348
41.27273
42.21138
50.61702
54.98947
42.98795
55.06061
45.09639
48.80952
46.00000
44.67606
44.32692
46.38806
47.04950
49.18471
48.91228
44.05263
40.80000
45.32632
44.90141
42.80519
45.30645
41.79310
43.53425
48.36232
48.27451
46.38806
46.98529
46.63687
51.84270
45.53535
40.39560
47.64000
47.95775
42.80000
50.11111
47.64000
45.22481
47.87387
43.00952
46.64063
41.24638
44.39175
51.56250
48.66116
52.36879
45.26606
44.62500
46.98529
39.40476
44.01087
39.87879
42.56923
42.55738
42.84076
47.65919
43.92701
35.76471
44.51351
43.13846
44.10000
50.39316
46.58065
45.63314
41.86755
46.62121
48.54286
48.71429
44.90141
45.15068
48.42424
45.44186
45.61404
43.93939
