23.17095
23.82641
24.21504
26.31918
21.77066
22.85554
25.50394
24.91610
24.02739
22.64185
24.26528
20.91621
22.64550
25.59804
22.76936
23.03068
22.09571
23.33199
21.77748
21.93527
21.03010
21.78717
22.75053
22.40626
23.91947
24.91582
23.48618
24.33240
21.03953
25.32124
22.63145
20.53482
23.49206
24.53968
15.87302
27.05520
23.13108
22.66168
23.30623
24.58229
25.24033
28.07808
24.06692
26.99984
23.46446
27.07231
23.68019
24.30556
25.40239
22.37820
23.22616
26.46566
22.13439
20.57942
20.14590
20.59839
21.34503
21.48520
23.40648
24.17132
18.60862
24.67829
21.58788
24.98618
24.29608
23.58555
25.92593
23.88845
20.09921
24.90024
23.95484
26.72148
24.29008
20.31158
26.34618
20.39067
20.08282
23.64389
22.40437
21.27427
19.62397
13.92441
22.42680
21.98499
22.10938
23.66636
21.42772
22.21934
23.06235
21.90864
22.35348
19.76035
23.33071
21.90609
21.10874
23.69673
24.85147
20.29342
19.63559
20.76683
22.49143
21.22546
24.82810
24.36463
22.54181
21.23557
21.05922
21.39256
19.45652
21.73138
22.51553
24.82810
22.05910
24.56090
24.69697
23.15690
19.79052
21.54984
20.65676
20.88662
21.92513
20.34256
21.17552
24.67347
21.46750
21.91742
23.54851
20.83023
20.79696
21.36364
20.20611
21.39894
28.65546
20.97059
21.25237
21.83258
26.76748
22.90318
22.78387
18.96711
21.28420
19.84834
21.40517
22.80481
20.66765
20.08555
21.21823
19.13848
21.15509
26.35039
23.28358
21.99295
18.31826
21.93093
21.75824
18.53795
20.02215
17.99499
26.12751
19.79592
21.86860
19.60861
18.62534
21.56749
23.99541
23.23348
22.79512
25.45000
20.48661
22.61991
23.52941
22.58416
23.13089
18.96711
23.48374
25.87837
21.68908
23.03391
21.83742
24.30556
21.10523
24.32488
24.26096
21.10733
25.04742
22.74196
28.59915
20.35147
22.49433
29.43690
27.77364
75.00000
25.89992
24.14913
22.90635
21.75663
23.81882
23.58254
23.71652
28.90140
21.40925
21.10234
23.60294
22.05957
25.61692
19.65281
18.64068
20.24249
20.79219
22.39920
19.59712
18.54536
21.97506
19.72625
17.74264
20.33601
21.64143
18.06539
21.32981
25.00625
24.34968
23.30305
22.27542
19.97704
20.34947
22.92846
21.68786
23.16281
21.45274
21.85414
21.17910
21.29773
21.42289
22.28112
22.80773
26.22995
22.09469
22.00298
21.18213
24.13165
20.13643
18.68818
22.62164
28.54185
22.91449
22.04808
20.21678
18.00153
21.89258
23.19624
22.76215
20.35854
19.53903
22.42962
19.92510
23.93135
27.44253
22.51838
23.08282
21.79435
20.64852
20.03348
24.72345
24.68957
24.22828
21.13614
28.70593
23.44744
20.96774
22.65277
21.78495
23.18441
24.25535
20.45786
17.85924
24.53113
22.81478
22.38514
24.87116
