19.07895
18.88545
20.86272
24.25181
17.64891
19.11495
17.88064
18.09617
19.48010
18.94737
19.30748
19.06816
20.17544
19.50998
20.27428
17.49644
17.54386
19.39271
17.68236
17.19070
19.75648
19.96491
19.49474
16.85223
19.83471
17.59128
19.67703
19.24750
19.93927
21.15385
17.20648
20.20595
18.76566
18.46695
13.15789
20.87975
19.91465
21.27193
20.89314
18.80886
18.53547
22.53639
18.66541
14.93268
20.28195
20.19139
22.15971
19.70128
20.22704
19.14894
20.77193
19.21267
17.27905
20.90226
20.85949
20.32508
17.98608
23.13518
22.95633
20.41318
18.02783
19.50464
21.85210
20.38033
18.42105
22.17245
21.68107
23.25976
23.28806
19.93421
18.84697
22.52024
18.59649
20.31481
21.66749
19.82012
20.04049
20.77632
18.06543
20.65217
18.55263
21.11047
20.11278
18.80342
18.90443
21.99211
16.40058
18.35522
26.16334
22.45800
21.25000
18.56971
16.98302
20.47276
25.05623
21.50997
20.62832
21.85061
19.16329
24.98834
19.85415
18.40456
21.29661
14.58202
17.28710
18.44888
21.02492
19.56242
23.14189
20.79002
21.93498
21.85234
19.60274
16.91467
17.92319
25.20969
19.68122
21.92018
21.09168
19.96839
18.04927
19.81640
16.59919
20.83333
17.31647
23.79287
17.00405
18.69658
17.04996
18.57610
20.49340
17.00405
19.20975
22.75641
21.57472
19.13215
20.16515
75.00000
19.22563
21.50510
20.98522
18.92393
23.26531
19.64286
19.22876
16.93847
18.40033
20.31394
21.10324
24.53891
19.39058
17.86704
20.30075
21.35774
2.39234
17.33121
18.69806
20.53842
20.39106
20.45680
18.64407
19.03047
19.47860
23.52375
20.37037
18.20175
17.33121
19.12955
20.46784
19.43517
20.23855
20.00333
23.87218
18.14882
16.51104
18.51762
20.84304
20.37037
20.65396
21.84829
18.42355
17.00747
23.20200
18.14735
22.48521
18.83351
24.30556
17.81012
17.49210
18.34320
18.74853
21.45407
18.93491
19.61116
17.43590
20.01854
21.51345
21.02014
20.52149
18.58784
18.20175
19.84733
19.50611
21.03841
20.53915
18.61244
21.33971
20.05504
20.51156
16.60489
20.30075
18.91571
17.67344
19.77671
21.18554
18.14882
18.22967
17.26316
18.95528
20.98227
17.52078
15.00000
19.53823
17.95937
17.24377
19.68811
20.58824
20.23441
19.26692
13.81579
20.59091
19.06250
19.52586
19.49367
17.55747
20.60606
15.91270
17.50000
25.18229
19.89583
19.03846
18.70482
18.43750
20.27273
18.45070
18.87879
15.89623
19.82143
21.11742
19.17339
20.33133
19.62500
19.97748
18.36806
19.07012
20.06127
26.00694
18.31140
20.84677
17.55319
16.42857
19.76064
19.78155
12.07143
22.39362
19.22654
18.48291
17.38223
20.07945
18.65121
21.38916
23.32347
20.26468
18.74447
18.69464
18.86792
19.74110
