28.25072
24.53202
24.88350
33.86547
27.02020
26.74351
26.27824
24.83691
25.82479
24.97670
23.15129
23.91466
26.11504
25.86506
26.82431
28.91907
23.57521
20.72874
31.49541
27.40246
24.14134
28.98724
23.66882
27.86852
29.09390
23.22363
26.67788
26.07928
23.33450
27.73452
25.08821
24.68318
24.97849
27.53236
26.66228
26.90374
26.80715
26.90681
27.07571
29.66462
25.79121
23.72597
25.65120
27.71016
16.42314
30.37317
29.79396
23.49352
25.78878
28.75211
33.49817
27.04523
29.33723
29.46158
35.39862
26.47953
19.42982
23.33865
29.89474
26.19420
25.65789
24.62543
29.59923
26.36790
26.23694
24.70848
25.08634
25.63796
27.31987
29.43811
22.85443
27.78537
26.12229
25.38226
24.22723
27.61471
29.71588
26.32507
24.67682
27.97271
26.74986
27.36371
28.55576
28.59312
29.12103
26.08985
28.92111
30.93259
26.99863
26.83561
16.43275
29.35557
27.56892
25.45650
27.29229
28.07018
29.84009
25.57208
26.54135
26.89647
30.34614
28.01506
24.44699
25.18186
28.63611
26.42388
25.16200
28.31084
28.64159
26.13952
25.14620
30.19284
29.38793
24.90421
29.82293
28.24800
25.48352
29.29144
25.29091
25.56474
26.54545
25.49618
27.23947
32.72727
26.33353
26.45586
25.20719
30.74561
19.64912
28.86248
26.37659
21.18356
26.04687
26.54830
31.12233
31.26652
25.59942
26.20574
26.16872
25.05214
24.50020
28.07018
24.68476
30.65745
28.47348
28.94164
30.20857
26.98413
30.57936
26.37027
25.97466
25.45553
23.72291
25.21303
25.12778
34.27033
31.96034
28.35544
25.88394
23.81388
24.79311
26.72116
25.25350
24.89351
32.12266
33.89474
26.35312
26.66805
26.57570
22.49742
24.77193
26.52219
24.62578
27.47425
28.14599
27.86134
24.24436
26.88088
27.58621
27.69094
23.33184
25.19624
23.52854
24.21330
28.38813
26.67157
25.34348
19.47368
24.09564
29.75958
29.19873
25.98086
31.15342
24.33056
25.31155
23.86415
24.63918
25.09968
68.96552
38.36088
28.53170
27.27555
32.10927
24.15608
27.94293
24.31034
24.17442
27.69049
31.01209
34.89464
27.04951
25.44130
28.84921
29.80442
26.80534
29.06131
27.22139
28.38785
27.25421
28.25397
19.55575
23.89706
37.98009
25.68255
30.04758
28.14902
23.97045
25.82456
25.22730
29.09357
26.14090
27.01332
27.30924
30.84795
25.96650
32.17079
26.55083
25.48872
25.97298
27.66841
28.78905
29.91813
27.12224
23.17193
34.92417
32.75439
24.99670
22.76241
27.57482
25.07974
24.28440
28.86282
28.08456
26.60475
28.88294
27.58492
31.20422
28.15789
30.25130
26.04466
24.30286
27.86430
26.54633
29.45985
23.71040
27.97844
27.04951
19.13265
23.82745
27.02867
24.81527
30.15389
30.45113
28.48312
25.00000
27.15097
27.79851
32.87998
