19.65618
18.20654
19.14635
16.99342
17.15320
18.11567
16.98442
16.37720
16.90343
17.67532
17.46556
18.71310
18.15920
22.43398
17.23285
15.27535
19.49463
18.42120
19.43747
17.50356
17.47117
18.69651
17.78721
19.15524
17.11344
21.06126
19.26592
17.29909
22.72581
22.40708
20.47342
19.23231
19.29613
20.34306
0.28681
1.64474
22.86974
14.81616
16.36185
16.14516
16.53272
18.37764
15.78128
14.18855
21.38834
18.72690
21.18380
16.02437
18.86195
17.02989
17.62874
15.91690
20.61794
18.92765
19.45774
19.43434
17.61453
17.54593
19.23022
23.93378
22.64092
18.59951
19.60753
18.51784
18.98551
19.13793
17.86547
15.86141
17.12554
19.39687
11.93182
18.80931
17.86803
23.00930
17.32914
19.49878
17.77898
18.12231
19.37922
23.55215
17.92250
19.86055
19.25987
21.30930
17.47738
14.77612
16.70086
21.81140
19.69901
20.26016
22.18796
17.99193
18.41207
19.22151
19.58913
19.91383
18.15455
17.90393
16.49733
19.27824
6.64336
17.30703
16.45525
16.85239
17.74892
18.52617
18.86544
17.05882
17.58396
17.33099
17.24273
15.56205
17.31759
19.59204
17.80124
15.67934
19.06291
18.59147
19.22039
20.08860
15.68109
18.35539
19.20167
20.16641
18.78413
19.85761
17.52970
12.00336
19.26567
18.97655
18.17525
18.76005
16.56373
16.22759
20.81940
19.57928
16.41910
17.32712
19.22051
17.23540
17.02633
18.91026
21.18343
18.13400
16.26080
18.32160
19.29837
17.52445
16.91995
20.90626
20.02230
17.47626
19.95287
18.41962
16.47345
17.41486
16.10075
16.80124
20.63923
22.15844
21.18617
16.81787
17.41715
18.76119
14.81616
19.01310
17.01359
17.13392
21.58849
20.23217
18.78841
17.07724
18.09459
17.18256
23.47088
17.85075
17.43594
17.12233
17.68083
22.94342
16.10885
16.50539
17.54151
18.19316
18.72322
16.55823
19.63792
17.62002
17.57576
23.57520
21.62805
18.69026
17.69058
16.17928
18.34625
18.99083
18.47561
17.25342
17.15165
16.46481
23.36904
18.13629
18.77952
19.17160
16.66326
15.58701
16.56716
16.26561
16.41791
20.96615
17.51447
17.99113
18.03305
18.48747
18.33801
18.83738
16.29909
17.41851
22.16524
18.15534
20.39651
20.94088
17.17713
18.25373
18.83503
16.00721
19.84931
15.74992
15.74465
15.50537
17.87935
23.15596
14.52381
20.17931
22.75229
23.38739
6.45161
12.60032
16.81217
16.24547
18.15460
20.73613
22.85973
16.80906
17.68390
19.46845
19.08542
19.86212
20.69240
20.39246
24.52381
14.45833
18.29365
18.56195
22.12462
23.36957
2.40870
22.96296
18.95987
17.10145
16.61228
16.92924
18.47240
17.58450
19.39988
18.45186
18.23093
17.01627
18.63682
19.54147
16.72449
17.78129
18.35912
19.64785
18.66425
17.03248
22.34660
17.71462
20.17852
17.03064
19.75785
16.87767
15.81255
19.22445
