37.78486
33.87155
32.98393
46.82676
32.00668
34.41605
33.79867
32.16364
33.75014
32.16364
31.99394
30.62846
36.30995
33.90006
39.14295
29.81849
31.68464
36.14872
30.15239
30.53309
30.47170
28.10443
35.00602
34.10901
31.95168
34.93706
32.86195
25.39877
34.42688
37.14107
31.55080
29.29293
30.10204
33.57648
35.50106
34.52984
36.19388
37.28088
23.49242
39.14430
33.47310
35.04752
36.14872
30.15239
30.52561
29.96670
34.09390
32.57492
32.43701
34.97823
34.34364
40.27892
37.85304
33.58491
34.41509
32.99290
38.08649
44.51433
32.78064
40.38907
34.05573
31.50935
37.15925
39.14063
33.37872
30.12910
34.10203
33.65211
30.20615
35.73999
36.52473
35.85584
32.66011
34.76097
35.06781
36.23231
32.66741
38.42970
33.06852
40.37736
34.55866
31.25302
34.55922
32.07547
32.25733
35.45869
33.85981
34.68535
29.50690
32.24857
34.52398
40.29545
35.39866
39.57426
23.96226
39.04840
31.25513
32.98393
34.11873
42.75762
40.37736
32.85806
31.25302
38.42970
29.91914
35.16295
35.39787
29.63122
34.09390
39.35310
38.85457
35.81035
36.81095
38.61727
31.03277
43.35235
34.06334
36.82772
39.47750
29.54441
34.97823
36.76491
34.11950
31.58528
34.62644
39.76716
30.48926
35.68891
32.24401
33.39710
36.09342
21.67756
33.38527
33.81614
33.63100
28.29111
32.81782
42.85714
37.89498
35.80068
38.35140
38.32464
33.16526
33.97748
38.92751
30.76520
35.01724
36.51572
35.75312
40.75926
41.50943
31.60377
35.92041
36.25139
39.57363
34.35689
37.61605
31.89893
36.60377
30.47170
35.52572
37.43077
35.53400
33.21988
35.04754
28.01538
32.49337
34.34723
34.59881
29.68915
33.21988
36.91969
41.43861
34.67918
36.14476
40.85914
32.03919
31.05769
34.97715
32.83476
33.82201
37.49231
40.85914
33.42574
28.89772
36.07367
32.24857
43.43970
32.59309
33.14751
38.38070
34.59921
34.10377
35.80518
31.54003
34.35678
33.78916
34.61687
31.55213
30.90289
30.60797
30.76520
32.30718
32.54120
34.59119
35.97055
39.74381
35.04043
35.99057
33.31004
34.85728
31.94904
32.58731
35.38714
35.00555
43.93374
36.11543
32.13407
33.82749
38.85894
44.03072
40.42798
40.65675
35.73843
34.57270
29.04729
29.43396
38.38012
30.76520
28.00299
34.59119
35.35377
31.58131
38.85457
34.97823
33.12527
40.88912
32.77664
34.35137
41.45394
34.75790
33.74287
30.10839
40.11650
33.75767
37.33375
33.65630
30.60797
34.10203
37.49741
39.14430
32.60685
30.09664
43.64449
32.28512
43.27210
34.40345
34.46356
32.66287
36.22007
33.97115
36.32660
39.00394
36.84389
35.20252
31.61765
34.79567
33.05769
34.76496
34.59119
38.81402
37.12846
39.38481
33.06852
32.25612
31.58161
34.03774
37.53991
33.45365
35.28677
33.33333
33.18035
33.21706
33.28401
28.85683
35.87100
29.25722
31.75936
38.03729
30.76520
32.05314
32.33962
32.54006
37.11170
