39.58110
37.12660
43.32379
39.70271
41.78540
39.04462
37.51924
37.75285
37.42182
35.82536
35.44350
40.06778
41.83673
39.79897
39.23778
42.82407
44.19907
34.36717
38.79677
37.37825
39.72264
47.09488
40.56677
40.15957
39.54082
41.46246
42.28896
25.32738
47.69345
44.09430
43.06586
41.63621
37.72894
42.15524
46.42857
39.84451
39.03483
44.97533
43.46063
46.02755
36.61384
39.91968
47.74077
48.77784
44.22063
40.97403
37.42292
45.70074
41.11328
45.09442
38.17857
31.92420
35.31421
40.34537
43.69855
41.48425
40.71787
31.51015
40.29038
38.25392
38.93727
40.38801
40.86623
43.39433
31.93780
44.31964
37.40970
42.58329
47.62286
42.54815
42.56256
37.62719
40.31557
41.49859
45.38901
41.35244
31.53153
42.26671
37.81004
39.47368
40.45258
44.81481
40.16790
40.85213
25.35088
44.43832
36.58935
42.45614
41.04200
46.89335
38.44985
37.35955
44.16944
42.43249
43.35824
37.34472
37.35465
42.18931
43.30144
39.36268
43.19961
41.50697
39.30681
41.48810
39.36688
45.91601
45.29135
35.74241
40.55556
44.17488
40.04791
42.02497
41.83945
37.68339
38.32155
45.93132
43.85965
37.15750
42.64689
42.93504
38.51160
40.13158
44.13116
33.07204
43.21758
41.08509
45.44812
40.68627
41.20096
39.44738
37.14760
40.50361
44.10431
39.92409
41.27896
46.01620
42.99456
38.63346
40.54336
42.39464
39.69012
41.34183
40.52266
37.90658
34.95738
37.67340
35.18378
36.21976
41.78656
42.87630
45.29138
38.69892
42.77362
40.17248
36.50458
33.50993
38.91496
45.93007
41.99925
36.46072
40.27300
40.44834
48.30611
37.28766
40.10965
40.27061
39.20015
39.57237
37.65959
34.09701
40.99956
30.58885
42.60798
38.21952
43.07182
36.72135
36.50332
40.62882
42.99699
40.65615
43.48751
40.46406
34.19298
38.86606
41.30536
42.66123
38.84912
32.06230
41.74229
46.93644
47.50290
37.76316
39.22552
42.33746
41.50132
42.18577
37.36523
31.06917
37.87594
39.99794
36.18598
41.60144
41.17724
40.28601
47.27273
42.27443
45.71199
42.59409
43.57257
40.23715
39.14502
43.71212
41.33333
45.42334
34.72304
37.91737
42.74711
42.30263
39.86472
33.29221
47.32492
39.65728
45.36924
40.49290
42.16629
46.67277
41.52351
39.92229
39.65097
38.42229
44.00585
42.28480
46.12845
37.69989
37.27679
40.05376
38.92164
43.56170
44.00450
39.47678
43.99807
45.36041
38.50529
40.52750
34.66435
39.36296
40.95442
42.74120
47.64031
30.75105
38.89912
41.24864
40.58036
46.40967
32.47768
35.23614
38.58259
39.92787
44.12713
38.57973
