27.83333
30.29466
30.66274
30.56885
28.71573
28.45118
31.15727
30.74181
35.09824
26.95707
30.54443
33.98569
30.34053
33.07389
30.87879
31.19108
32.64229
27.50271
30.42834
26.42001
32.27076
30.98543
29.89659
32.60898
33.14499
33.47135
31.06942
29.86259
32.78376
29.45133
27.06187
26.24378
29.97599
32.51100
30.87910
28.71498
29.68855
31.85969
31.39083
33.47107
28.19762
32.38400
28.86137
30.47335
30.03802
32.53078
28.22252
31.24770
31.42620
34.27508
28.08316
28.66717
32.34499
29.44562
27.62238
32.61563
33.25672
30.36723
28.19212
30.83995
29.86433
28.31707
29.48465
31.38781
31.28176
32.15748
27.59072
32.74976
30.77545
24.14622
32.59311
29.86258
36.07817
35.76412
32.00843
27.39110
30.29409
29.62382
30.08264
30.61608
32.74682
30.85068
34.46970
29.22314
26.86567
26.49399
28.84198
30.98112
32.15891
27.43908
30.00423
31.33063
27.99194
27.78277
26.73201
30.25413
30.58437
29.64905
26.01493
30.94767
28.06667
33.12458
27.39448
33.50168
30.70192
28.03922
22.98368
24.27938
30.07346
28.59327
30.27172
27.74431
31.95561
30.74348
29.14399
30.46811
27.47626
29.92621
30.64908
31.04870
27.33209
31.34666
29.13646
27.33272
28.62653
29.63753
26.91231
33.31340
28.96378
31.29888
28.33833
36.77122
29.86646
25.82310
31.17876
32.60826
32.50415
31.86786
26.36364
19.63384
23.76166
29.21547
30.72818
25.67032
30.55605
31.86886
30.12422
29.02711
30.02374
26.54189
30.09554
31.66475
31.40087
29.26487
35.35862
30.81643
30.71285
29.09599
28.81479
25.81315
30.47426
34.52881
31.31382
25.74746
26.08907
31.53621
27.71268
30.20492
33.04002
27.65680
31.26665
27.61905
31.93927
31.03275
30.59965
29.28298
32.70975
28.62335
29.99339
30.72696
32.58690
27.61141
25.15706
29.26438
28.63531
31.63918
26.51056
