30.02299
27.32305
30.02999
29.69349
31.51240
29.60890
28.97762
26.69840
26.31980
28.44828
31.09148
37.68473
31.01533
37.73399
29.11249
21.64751
28.42883
30.81463
26.58559
33.54507
29.68222
28.16819
31.33874
31.87406
31.89337
32.61958
27.46730
31.23448
29.56980
30.10728
32.66696
29.36575
30.46313
33.41331
30.35202
29.75241
34.21751
27.05570
30.55937
24.18940
30.67529
32.71724
26.09195
27.99672
29.91242
33.08190
26.47238
29.46950
30.95952
29.87095
29.52105
31.83876
29.78771
28.50859
26.42252
28.35471
34.94607
35.18893
30.00770
29.40740
27.78841
29.05960
26.04873
21.46893
32.53526
29.47269
27.23272
36.61017
28.99332
33.17269
29.46389
36.25761
30.54986
30.68966
22.29064
26.16796
30.14575
28.34787
26.28259
31.21827
30.60119
26.84131
26.37363
34.63054
29.88506
29.86887
32.77287
28.37853
27.08253
32.84205
31.03448
29.54545
30.30068
32.19661
26.03259
29.65757
26.68819
30.68468
33.63347
32.39696
28.72589
26.12411
27.66146
28.41717
22.83151
26.24262
28.31200
27.45867
31.21041
31.38161
27.66596
28.97447
27.48055
32.31532
32.31858
29.68523
27.04802
31.06920
40.97784
25.59757
27.09296
30.89014
26.61851
29.98696
27.68749
29.02542
30.61017
29.49765
30.60360
31.54426
22.13075
29.65686
34.48276
29.33728
29.65341
31.93403
29.36846
29.43096
31.07723
28.93015
30.53393
28.93469
28.06366
31.11984
30.66256
30.02090
29.32940
31.65187
27.89884
30.06495
27.61408
31.08411
34.84911
27.49331
24.63277
34.41846
28.84757
36.95055
29.18118
32.25419
32.78239
27.10884
30.47619
27.00348
33.23308
32.29784
32.68480
29.73368
29.47542
26.19577
28.38994
27.99730
31.73216
27.25464
21.12069
30.56850
31.20027
28.07210
32.55275
32.41175
30.97721
32.53649
31.22875
31.48946
31.29272
29.89001
30.79502
35.66628
31.49812
28.11098
31.50645
29.93933
27.71524
29.87939
31.64843
30.78625
29.94588
33.33333
36.12573
