19.89796
17.43197
17.95704
21.80804
17.69180
19.47231
17.38417
19.05323
18.32707
19.05323
16.11178
16.76798
17.07393
16.78571
18.89305
17.78571
17.86859
17.38591
18.77119
15.93331
14.84375
19.56522
17.34344
18.16008
18.45638
19.22687
22.54983
18.09612
17.41651
19.93355
18.97655
18.75000
19.35484
17.75132
17.61501
23.16364
19.52519
18.54288
19.54744
18.77897
19.51581
19.68413
19.09091
17.21641
18.27338
12.30519
20.97586
18.97321
18.46068
18.48456
17.84148
18.16365
19.10887
21.70759
18.38192
17.68868
17.91569
19.59459
19.51531
20.64201
17.67281
15.00000
15.95433
17.78571
20.33333
61.11111
19.23021
22.24984
5.01089
17.79790
16.77764
16.97110
17.53247
20.30018
20.28941
15.69196
18.09152
19.53704
17.82032
19.43504
16.90898
19.55316
21.05263
18.17010
17.88095
19.21279
18.05617
19.22339
17.43197
17.95704
20.66964
19.16776
18.29609
20.19329
18.87458
17.12185
11.27976
19.72830
19.22360
17.55245
19.78385
17.37500
18.43074
17.62665
18.72456
19.24691
21.03896
18.19347
17.70202
18.02020
18.29249
20.13158
22.01474
18.28010
18.33530
20.77210
18.83311
17.07286
16.32035
19.36000
17.89562
18.28497
21.47887
17.88095
19.34524
18.50282
18.72374
16.78960
20.37189
19.75393
17.87132
18.81603
18.76303
16.74738
18.17722
16.67627
19.08730
17.81463
21.48581
21.50870
17.55260
20.33482
18.88095
22.01681
17.97692
14.18919
18.40523
18.32164
17.84361
21.67039
18.89717
18.72192
20.17782
18.96552
16.04198
17.51789
15.74957
17.72253
16.80799
17.83011
17.03721
17.74151
21.94013
20.30651
18.44427
16.90685
18.17381
17.11096
18.20589
18.17279
16.44410
16.37427
16.18270
21.80451
17.41211
18.58701
16.82147
15.86687
17.62330
21.25220
21.65698
17.53442
20.75290
18.19994
17.53571
18.66686
16.90898
17.77211
19.75517
16.61491
17.12828
17.81076
19.80519
19.07799
17.21781
16.86836
16.61808
19.80801
17.95367
20.63085
18.14429
17.65110
14.18919
16.61491
19.29392
17.43472
18.56662
17.16102
21.61654
16.88988
19.69359
16.92478
16.70536
18.53100
20.87054
23.41890
18.32168
15.99666
17.69902
18.82698
22.22727
18.88112
20.57416
18.72208
19.14343
17.33053
17.62238
20.78512
14.44717
24.96867
17.73469
19.80655
17.89435
16.54519
17.73203
16.84028
20.38559
18.12900
19.48673
18.22660
21.18056
17.75836
22.65625
18.80865
19.04762
17.92328
19.72164
20.40117
18.00082
17.64456
23.78451
17.71209
21.08424
19.04379
20.22081
17.34143
16.18270
18.84712
17.08852
18.93105
17.95666
18.73511
16.74298
18.75000
18.96135
18.79355
17.28261
16.88988
18.84535
17.50977
19.02921
16.95226
19.00350
21.50025
16.70455
18.49567
17.36742
16.91700
19.39871
19.36027
19.13926
18.58586
16.97651
