18.18563
18.19961
16.78960
24.94762
17.33630
18.19747
17.38672
17.71943
16.32788
17.71943
14.09917
16.51608
17.19496
19.01316
15.20403
16.09687
15.37081
18.09454
14.89379
13.80837
17.06167
16.60714
15.08929
16.68042
17.80030
16.64130
20.99561
14.57471
15.89871
18.27358
15.81804
16.51240
16.65629
17.47391
18.22278
17.23143
11.42979
19.58904
17.60995
16.43154
17.48064
19.31026
15.26156
14.88116
17.23998
18.53491
17.77755
16.66114
18.95949
14.60794
16.54751
18.06268
20.79618
17.24037
16.22527
17.41168
17.14027
23.30272
17.58422
15.10454
16.55319
17.92375
18.36058
58.33333
31.71642
32.60090
46.34615
15.53183
15.70074
15.72896
16.48219
15.78675
17.14205
18.00980
13.42096
18.78129
15.80923
16.12740
15.87915
17.45254
18.14925
18.33890
15.91028
17.17111
17.25464
19.73760
17.77645
16.65357
19.88234
16.87358
17.75241
18.06086
16.88504
17.51428
22.42446
17.41935
16.68469
18.70878
19.74590
16.40231
19.70260
17.99034
16.50437
11.42979
18.05492
16.70042
16.78960
17.48022
14.87114
19.18734
17.65201
16.17855
15.84124
18.04254
16.89950
16.28508
15.43159
17.04110
16.65530
15.34392
19.32041
15.47438
18.53714
16.48909
16.46420
15.96869
19.72603
18.14090
16.08767
18.38290
16.03860
17.99020
15.94742
17.56250
16.25434
17.63990
18.05556
19.96296
20.05034
15.23333
17.11601
21.24094
17.71660
15.50388
17.21946
15.24775
16.68944
21.47766
17.29798
19.85350
20.56412
17.00254
15.04446
15.84768
16.62245
16.93130
17.13196
15.10150
15.93256
20.10159
17.16065
16.49024
17.90657
14.88116
18.90181
19.25743
20.53968
17.47807
17.80112
24.25532
19.26959
20.82692
19.60784
16.50235
17.94118
17.38662
20.89793
20.46931
16.73360
16.34811
18.55429
16.73236
17.66034
15.08784
17.31231
19.30425
14.88116
15.42430
16.10515
17.92375
18.90411
16.90029
18.08684
13.77308
17.49382
16.46239
20.17025
17.26496
15.24691
14.54861
14.83427
17.65138
16.86921
17.05275
16.66667
20.83333
16.19444
18.38768
16.24618
16.39601
18.10816
17.61364
22.80466
16.16438
14.72603
17.15183
16.50861
15.81804
15.97758
16.79120
16.68971
16.81737
19.70925
14.34932
14.22167
21.16049
15.42277
18.05201
17.25444
16.13394
15.88514
15.38730
16.12417
16.45481
16.03496
16.17960
19.09283
17.11529
18.57235
17.38609
15.24585
18.86905
18.83552
18.05556
16.38245
14.24696
20.45650
17.28175
20.25463
15.87302
20.19520
15.41823
15.08784
17.93608
17.24175
15.60458
19.02047
17.01240
15.25529
16.43836
16.98630
17.78221
16.03158
16.29857
16.55251
18.19161
18.23047
15.41357
16.25156
19.76412
16.88155
16.03985
15.31363
14.63106
17.82996
17.11083
18.16526
15.03805
19.02242
