21.76768
21.31435
22.62451
29.81241
19.34783
21.52597
21.38599
23.09718
22.60558
21.43610
21.56818
20.81551
21.56818
19.09091
19.16737
23.18182
19.34820
23.77790
23.50649
29.81241
21.33229
18.30303
20.57266
21.52493
22.43978
22.23140
20.49368
19.91859
19.29412
22.59569
22.50000
21.90909
19.93506
19.91273
20.00000
22.23140
22.91564
23.92622
19.12458
23.25439
21.48221
21.96104
23.79045
14.54545
23.81071
22.13904
23.23052
21.79405
24.73728
23.36192
17.73655
21.64879
23.35551
25.76210
21.75758
24.86166
20.67894
20.08658
24.21488
22.50000
20.34256
18.60606
21.64879
23.93939
19.11504
19.87461
21.27273
23.50413
23.67618
19.34820
23.19749
22.95983
22.11174
20.72727
21.27622
21.15440
26.72014
26.54898
22.23439
20.93023
25.07989
23.97492
21.49495
21.52493
22.02110
19.74026
22.12531
20.51948
24.48417
20.60606
23.72159
21.74242
22.13099
20.61633
22.01299
18.60606
20.35124
23.43109
18.30303
23.67618
21.77310
20.80383
28.39827
22.86595
23.47243
29.56577
20.40741
19.88536
26.22827
22.17940
22.03203
23.82716
17.66667
19.94802
25.41152
23.30420
21.17446
19.65142
19.85867
23.06043
22.58454
20.26973
22.03931
19.29412
21.88454
23.17460
24.01914
21.18326
22.50960
18.86364
21.77540
20.28478
19.92180
27.55649
23.39394
22.22222
22.30811
20.91728
22.89870
20.06061
18.30303
19.52381
23.14306
21.05572
24.93718
19.87461
27.58802
19.52381
20.99918
18.89666
19.92629
20.93201
20.63830
19.77961
22.78499
18.90457
21.40329
22.53213
23.60704
20.99900
21.07226
25.93939
19.63950
20.09445
24.40000
23.17503
22.30114
30.24531
18.30303
19.82074
19.94228
23.10895
21.87879
27.92812
24.40771
20.08392
20.32468
22.94372
19.70149
24.04959
22.22222
22.38167
21.93326
22.78018
25.68915
20.83636
21.97492
23.17703
24.83188
23.50413
21.18660
19.07025
29.26829
22.22222
20.77484
22.88676
21.14685
21.80251
22.95983
21.52493
21.27622
20.73620
23.76224
21.78737
26.38756
20.75587
18.35706
24.04959
21.35198
24.94784
21.39508
27.16049
20.75758
19.52381
23.30966
22.81718
21.97492
25.04760
20.02220
24.87136
24.23552
22.41622
21.79142
27.52861
21.68675
20.84180
23.01887
23.12308
23.48008
19.74462
22.25747
20.44495
22.65925
23.58209
23.61742
20.27972
23.96054
18.98004
21.30588
19.93506
26.10101
18.30303
20.57266
19.63950
20.09445
22.62626
19.54176
16.17811
23.80682
26.22010
22.62451
23.03769
21.46708
21.20770
24.63308
21.40820
23.28894
23.69064
24.15978
23.83399
22.23208
21.62162
22.19251
22.60442
20.00000
21.30588
23.60568
26.70455
22.03966
21.35014
22.00153
14.90909
23.50413
23.11412
22.03104
23.76224
18.98004
