39.56346
40.36112
38.56168
38.14287
35.05419
37.61869
36.64168
41.45115
37.94326
42.66164
38.42702
39.20145
31.34965
39.50998
41.31986
35.32609
38.61899
39.29885
43.75224
46.18334
40.21953
41.16500
33.59173
38.67277
35.62929
46.21485
39.88050
41.35069
43.03287
35.83732
40.54661
42.68236
47.11450
42.44444
42.75328
38.51909
44.45224
40.47821
45.44241
40.48127
26.12915
37.59117
37.52860
40.86040
37.43954
40.98800
37.21425
35.74561
36.82147
36.30929
37.78604
41.80921
44.21426
30.34056
40.24645
41.55125
43.50227
37.58695
39.88487
40.28719
42.43275
39.96767
41.04466
41.82331
48.56008
36.79896
39.30806
47.46726
41.02073
39.62492
24.12281
44.09649
39.85178
38.32129
44.48099
37.67636
42.68384
31.82685
41.45848
41.80061
38.82869
36.27045
42.98959
40.15412
37.66082
42.23307
43.11796
37.88707
41.06889
39.01279
36.87055
44.61852
43.30977
36.18256
36.91838
41.76162
36.74923
40.59785
39.40382
42.66735
41.96881
43.84862
46.25731
46.18713
36.10996
39.75086
41.84900
37.76209
39.12281
35.34383
39.24895
39.18506
35.85923
37.10666
35.77072
38.72723
45.21118
43.18859
44.64610
41.92022
42.33716
38.05145
40.21862
43.10345
38.44305
39.49621
37.45266
36.30952
31.73551
38.25758
39.78328
38.63592
31.70426
34.75355
41.77109
40.95461
35.91804
36.35734
33.78920
46.69366
38.30645
41.80328
40.61322
40.70984
41.65579
40.13276
40.79329
33.68693
38.18369
44.57831
42.48763
34.41404
38.54132
35.98770
39.34698
38.57678
41.80093
37.44779
38.85747
35.14254
41.92059
36.87087
49.65215
40.98982
26.31579
33.73712
42.40774
35.16237
44.33147
38.35979
35.12389
39.70343
39.24485
32.55168
41.89353
37.54885
39.13698
41.44399
38.43371
50.07190
44.88972
38.24771
49.77201
39.21534
34.98331
41.47480
41.07261
40.70318
36.06322
26.78161
32.93423
38.43750
41.38928
39.48493
39.18546
38.38898
42.96140
38.97243
42.58103
39.98445
42.23710
35.88517
39.13952
42.52632
37.47831
46.05959
39.67210
34.35789
44.91228
43.74573
41.21742
37.67616
50.52632
40.61445
47.00122
39.72547
42.77286
39.95384
40.79728
37.85158
34.64961
37.74564
41.51568
41.55539
42.31700
39.01515
33.81064
35.75218
40.23846
43.88666
42.97753
39.30035
40.63204
42.76656
35.31022
38.48485
36.17452
34.61755
42.63566
43.60027
39.49362
30.01645
40.96678
40.62657
41.91324
44.93012
27.29045
37.94856
38.08434
40.00900
42.16906
35.81011
