31.87500
30.45139
30.48544
37.58772
27.52941
28.45238
28.93182
29.63235
31.03814
29.82906
30.59028
29.42149
30.65972
26.83761
27.03804
39.11308
27.82382
22.29965
26.21951
31.09756
29.31588
29.05193
26.66845
33.12195
27.91124
26.98662
27.37127
30.18293
31.08984
30.08780
28.80810
27.39046
27.95699
28.85523
30.09622
31.31352
25.72480
30.22173
28.71397
30.95528
33.68182
21.97368
34.03409
30.25974
31.44608
32.87109
29.69072
34.26020
30.30612
25.48913
32.31293
31.85345
34.55263
31.75000
29.54776
28.03334
31.94644
31.22553
27.66768
27.59949
31.05691
31.27942
28.20513
28.65854
31.01703
32.00521
26.23249
29.56266
31.03144
29.96516
28.99578
27.96370
30.28679
32.01774
36.78652
36.26509
29.32927
28.00000
34.29669
33.40724
28.39721
31.96864
30.30197
28.08116
30.02405
28.34866
32.36850
29.81030
35.27875
29.90654
29.80745
27.13931
29.71175
26.99748
30.23803
34.54545
20.81301
31.74455
28.31389
28.43742
35.12195
30.29111
29.88354
37.20546
25.64598
27.15251
35.69845
28.89082
30.33627
31.75011
23.57724
28.63595
33.91031
31.87553
29.84547
27.06435
26.89519
29.50480
29.25395
26.97107
29.87805
26.91743
28.95858
33.54728
30.73171
31.20269
33.10676
28.00188
31.60844
27.02439
27.90185
35.45401
31.03448
30.10188
30.20381
27.97561
29.26829
26.86992
20.81301
26.82927
32.25399
28.94309
31.51644
27.98624
35.93702
26.91638
28.58818
26.56794
28.28540
26.74659
28.76873
27.18332
30.50847
26.79516
27.96626
30.04371
31.66667
38.27857
26.91337
28.43270
33.53659
28.07223
27.27435
29.92394
30.40392
32.92683
31.34375
25.38732
26.25000
30.44872
28.82813
37.50000
31.15079
26.99219
29.14216
27.41803
28.49206
30.53797
29.10560
28.97351
29.57831
31.66667
21.50000
27.49567
27.84553
31.81946
32.01907
32.82927
28.52660
25.95604
38.61261
30.34526
28.56197
29.84704
29.22764
28.37544
31.55676
31.44599
29.34783
29.91259
32.73707
30.50926
34.79730
28.57955
26.48734
29.22131
29.70370
36.00000
29.79167
33.91447
27.52137
27.99383
32.78509
32.31707
29.36441
31.93069
27.68293
32.68072
32.59524
31.27083
27.58621
35.74074
27.67007
28.30645
30.86466
29.38967
30.79082
27.23118
29.67890
28.09322
30.53435
33.26669
30.08986
27.25673
32.25399
25.70603
27.76307
28.25587
34.24630
22.21254
26.21951
27.62664
26.75806
30.51269
26.95329
23.99319
33.79157
33.86492
30.38125
29.41762
28.49224
29.71175
32.90323
27.63438
28.29894
32.22626
29.59350
32.86685
31.50879
27.73339
30.08960
27.66075
31.63341
29.51494
31.78673
34.54123
29.32870
29.74343
32.00118
32.09370
20.83059
32.28121
30.33212
29.61489
32.25399
25.70603
27.89459
