44.01796
41.89899
41.91041
52.90162
39.02357
42.09143
43.94143
39.72488
41.85771
41.04942
41.85771
38.82939
38.63234
50.00000
43.81042
27.97619
44.47279
42.62821
41.46246
43.29867
39.76481
41.53304
45.25641
39.70674
39.28571
40.67118
42.46753
55.65217
44.89028
37.65066
40.25596
44.63835
49.17614
41.68831
42.67840
44.93761
42.50373
36.91460
39.31341
45.83333
42.54001
42.69275
39.32842
45.03349
38.91369
37.66447
38.92196
42.54015
38.63982
40.08103
41.14907
42.98749
43.90065
38.02521
43.29117
40.71750
46.35407
43.98990
47.52483
43.72842
40.20487
40.91496
41.76202
45.46945
44.29570
36.68449
43.57834
42.81942
41.52149
44.47279
44.60109
37.94248
43.43561
45.39835
44.29074
28.53571
45.00835
42.10016
41.46246
42.97547
38.35771
38.63636
42.16031
40.56032
46.99454
40.54924
45.49784
44.93506
40.26467
39.64646
42.94146
43.68652
40.03321
46.36902
48.56305
48.65103
40.00000
39.87603
39.62930
45.20548
43.47490
39.68831
41.37862
39.86014
40.62160
44.44717
50.72464
41.03474
49.81320
42.02899
42.50000
38.80448
47.03209
34.80519
45.41201
40.80251
39.28854
50.79823
44.78207
43.43874
45.05892
40.05102
40.79861
38.96396
35.69965
39.28571
49.49675
39.76081
50.33784
53.14850
42.90675
41.29053
39.28571
38.74585
41.48728
39.72222
43.06461
44.59459
37.71259
44.04354
39.94898
39.61512
38.06742
39.67962
47.24490
38.45949
38.45588
43.63290
43.04074
46.14780
45.51644
43.28583
42.44503
43.84333
46.14780
36.63225
41.14256
42.13145
39.24127
40.89873
51.27426
44.85464
36.58182
44.86111
39.94434
50.16408
39.62963
40.17906
40.00000
40.45165
48.69240
43.36898
45.20548
46.78133
38.57955
41.76471
39.47443
41.47239
39.62640
34.80519
39.62963
44.25030
40.31818
38.88831
42.71132
42.75325
39.79798
43.35178
45.33170
52.65734
43.65352
39.58788
43.05455
43.86129
42.41868
38.39827
39.15875
39.74359
43.86129
41.63770
48.70813
34.80519
36.21390
37.73059
42.99320
44.11483
52.72727
44.74201
43.13845
45.19009
39.17517
35.53748
51.59314
39.22619
52.35507
40.90251
40.61260
43.70040
43.79826
39.89621
40.56467
43.52883
45.24872
41.74863
49.18762
39.90172
37.21707
43.05455
41.19008
46.70577
39.61395
40.00000
44.25030
44.39669
41.30221
44.57036
42.71357
43.57999
40.76190
47.35769
46.66667
39.94921
39.82043
42.25108
41.47809
44.31725
40.17857
42.81818
41.23737
43.62456
43.95547
39.76815
34.06518
46.62516
38.75956
44.78469
41.50984
50.01760
34.80519
38.77116
39.15875
39.15508
43.17787
44.78469
44.85981
41.56028
42.62626
43.84416
49.33661
39.56710
44.20532
36.82318
39.86888
39.10336
43.66061
45.19481
43.05455
