30.45977
27.21210
28.40038
34.71690
28.27267
30.52112
27.99407
29.50553
28.28494
29.10087
25.12592
26.25336
26.11370
29.75075
28.01179
26.53913
29.19424
24.49595
22.17868
30.53925
27.03868
25.76824
26.77754
28.78511
29.82084
32.98851
27.15517
26.27674
29.40721
30.05409
27.77160
29.94555
27.52328
27.57657
35.05309
30.68520
28.82554
30.19832
28.91742
30.50005
31.18826
29.24364
26.83903
27.94575
19.30419
33.15471
29.11044
28.60637
29.12693
26.18906
27.51596
30.03514
33.86164
28.12112
27.22799
29.11354
29.54184
33.23245
27.02086
22.12806
25.28921
30.66459
27.17691
88.46154
29.35730
34.06085
26.97674
26.01618
25.86207
27.14833
31.14943
31.86396
23.35997
28.24201
30.02028
27.46430
29.83859
26.08696
30.56286
32.60999
28.15799
27.60889
29.38144
27.74053
29.58438
25.75431
28.32854
32.20106
30.06169
29.01175
32.11362
29.34042
26.83570
18.14728
31.45320
29.53721
26.96780
31.16757
26.99013
28.13246
27.57085
27.71930
30.18790
33.88471
28.97566
27.30213
28.20378
29.81366
31.40273
35.06637
29.52806
28.65260
34.82143
29.60063
27.11499
26.63511
30.90000
28.76893
27.47956
33.42912
27.08711
29.95096
29.00212
28.71256
26.29077
32.08464
31.36289
27.16864
29.74049
29.27354
26.20798
28.70143
25.13706
30.17286
27.92738
33.79676
33.92916
26.51515
32.32894
29.71087
32.37873
27.58832
20.29552
28.06212
27.37866
26.52856
33.81183
29.21887
29.40310
31.61943
29.99058
25.11951
27.22850
27.87194
25.40541
26.95722
25.94524
27.56467
34.48784
32.41976
29.12408
27.24327
27.90743
26.52432
28.73285
27.41682
25.65140
25.09355
25.82167
33.75034
26.97796
28.71540
26.30110
24.31065
27.10426
32.05235
33.85701
26.85598
32.65182
28.82424
26.45191
28.26752
26.11694
26.76476
30.03855
25.47893
27.07363
26.52520
30.79134
29.67241
27.10843
26.36669
24.85197
31.08346
28.08972
32.66751
27.44038
26.65855
21.27949
25.59682
30.08425
26.26559
29.12582
26.71689
33.66490
25.50658
30.29281
26.11162
25.81111
29.21348
31.51808
36.57128
28.76553
27.41774
29.60275
34.93031
28.86258
33.89697
29.69898
30.13590
29.80318
32.18344
22.53861
25.45872
39.94003
27.73484
30.79225
28.24387
25.39993
27.74989
26.16140
32.91120
27.97853
30.19115
29.40943
32.64580
27.91406
37.29695
29.44592
29.56830
28.65497
31.36604
33.37950
28.50213
26.69366
38.65449
27.77649
32.53632
28.72368
31.41438
26.63171
25.54164
29.93376
27.29978
29.30060
28.69636
29.16231
26.15225
29.20078
30.07154
30.45958
27.22716
26.68513
29.64658
27.85752
30.23312
26.03316
29.79858
33.53282
24.47479
28.43487
27.22303
27.03202
30.17857
30.70346
29.96977
27.36801
26.94444
