22.11957
19.27855
19.41811
23.64793
19.88579
21.63490
20.22901
21.47075
16.35302
20.74345
16.60079
19.74030
18.14447
22.32183
22.66779
13.26993
22.34961
22.68742
21.69476
21.63373
20.65831
22.80532
21.33018
19.87813
19.45652
20.78113
22.11879
19.47400
18.00595
18.00743
19.31966
20.13021
21.79878
21.13844
19.73270
16.77632
23.22917
18.77596
23.97892
21.00520
21.81064
18.58345
24.38055
21.31434
18.02638
21.14839
20.25336
16.73721
21.52739
21.29156
23.29682
17.74822
21.72315
20.76706
24.35185
20.57995
21.96863
22.33796
20.83333
18.47426
20.83333
18.35938
19.93371
21.36700
15.36885
22.97483
19.93878
19.65714
20.33484
17.87823
20.53483
18.69829
12.20325
21.67534
18.92047
18.36735
21.29547
15.52934
20.71078
21.34844
19.81364
17.60240
19.51861
20.51657
20.09680
20.00825
22.54673
19.56019
18.75000
20.57995
22.30508
20.71995
25.06541
25.03575
19.12536
22.09524
19.17244
22.17484
17.97629
19.01336
17.33039
15.96210
17.41207
21.56485
23.63336
23.06671
23.27678
21.18409
24.59954
22.74954
15.03106
21.28882
20.99579
16.31684
24.85081
13.22094
22.91336
18.06630
15.70492
17.56627
19.49784
18.70175
16.42963
19.04255
17.47826
17.91150
14.23529
21.61905
15.01205
19.78882
17.90000
17.64211
19.18532
21.14780
20.81626
20.12890
16.82692
19.06513
20.73480
19.66912
19.96723
23.52941
22.75700
27.49037
26.01747
19.91774
23.23103
22.04139
20.71978
21.73913
19.91774
15.52795
18.72671
18.82564
19.62793
20.54766
20.27826
16.14558
24.50331
21.89601
25.96916
20.92099
20.18095
19.85359
19.32367
22.30161
23.27366
23.88587
21.55280
21.39588
21.26222
18.81370
18.51852
20.16461
15.36508
19.88889
23.59420
15.14212
19.85999
20.42076
19.41529
22.47128
28.30640
21.08696
20.42921
21.76564
24.17924
22.05192
17.97052
12.20325
18.71720
19.53602
21.80872
20.26455
16.75010
14.11079
17.21088
18.83420
20.80637
18.79449
25.59626
19.73589
23.09119
20.52194
17.20858
27.95381
19.82507
20.07944
19.12027
21.84874
17.41207
18.98734
20.63181
22.95318
20.43919
21.52434
19.73755
19.55492
25.14881
19.85375
19.69697
19.42274
22.93544
21.94865
19.63141
21.77138
23.39031
20.05487
20.29478
25.08547
21.53298
22.26121
20.48260
13.85343
22.58025
21.12022
19.95626
19.38272
23.39744
19.63628
18.27957
17.79636
13.83929
22.56289
19.51220
18.44512
15.84302
20.82195
23.68590
14.40476
17.22561
19.10714
20.86957
21.11317
20.37172
22.39197
22.21285
18.08528
21.10606
17.81633
18.92538
18.09724
19.87906
18.49579
20.18687
