19.66362
18.08036
17.50959
22.26492
19.96753
18.85302
18.56725
19.53571
18.37662
19.53571
15.85628
16.64835
22.01627
17.84584
18.95121
20.04717
22.75748
22.67723
17.15758
17.89613
17.57885
21.98129
19.28392
19.29443
20.89947
19.50780
17.55588
13.55994
20.30762
19.07003
20.07122
19.16939
19.54887
19.86724
18.33206
16.35393
18.00702
19.22853
19.40309
22.41657
17.83732
18.38206
19.53947
22.81445
18.82911
22.37624
20.20592
20.33410
21.19191
18.04187
14.57529
16.75325
20.52412
19.23645
16.91939
16.64835
18.39768
18.31446
17.09184
17.54808
16.67132
17.01445
20.36194
20.78410
14.45238
18.51154
19.19268
20.35147
19.57418
19.98626
21.12291
20.05574
18.04762
19.21148
19.26426
19.95118
20.89376
17.21059
21.67082
18.56812
19.53463
20.39093
19.48413
19.65438
18.46745
13.80208
21.64093
19.81793
17.50959
19.59380
17.44306
17.04162
19.39626
19.36557
19.39316
16.29189
20.90965
18.57830
18.18480
20.28986
20.93431
18.22264
17.57885
17.56645
19.22757
18.91534
23.41568
21.33503
21.99765
19.14683
21.07143
19.04762
17.66129
18.40022
16.98052
23.24094
20.01764
19.43942
20.44414
19.45423
18.15217
18.51981
21.15385
14.57529
19.16472
18.21429
17.94425
23.37849
17.43907
20.24242
20.21513
18.09465
17.75679
19.76647
18.46890
19.32432
21.97403
18.43088
18.63148
22.76260
19.72269
18.81720
16.07437
16.20449
19.60147
19.22899
19.32503
17.03630
17.21897
16.83322
17.61460
22.80702
22.80702
18.48024
17.57885
19.10541
17.64069
17.56466
17.69231
16.64596
23.08468
18.72247
18.97894
18.46745
16.91889
17.78571
20.33133
19.42568
21.35618
22.49056
18.46745
19.69069
19.78880
18.56874
18.59292
16.64596
18.16153
22.36498
17.01389
18.19388
16.89128
14.57529
17.09184
18.37406
19.17208
16.79007
20.53571
18.39777
22.00226
16.79198
17.70729
24.82661
23.37449
20.31250
71.87500
21.12011
19.07617
19.18995
19.87768
17.58514
18.52227
16.89147
16.39604
19.29825
20.21930
23.28822
16.81534
19.18790
24.13085
19.77352
17.89916
18.23892
19.11506
19.75219
20.41396
14.57529
17.65422
17.90445
21.45103
18.65079
17.59208
19.16954
20.72917
22.01705
19.69069
18.29326
18.73315
19.30804
17.60531
20.90965
20.52412
18.79058
21.25252
16.64596
20.84073
19.29182
19.88839
18.29988
16.34008
24.13085
18.42612
22.36607
18.24913
20.13140
16.89128
22.01627
17.89916
20.29221
19.34790
19.67968
18.29600
17.41947
19.29443
19.33271
20.44206
18.75000
19.44717
18.15047
20.21818
19.39835
16.85426
18.70130
19.76985
16.94862
21.03236
20.87224
19.94745
20.40131
21.16071
19.17143
17.16931
21.65312
15.40816
17.06349
18.11399
18.29877
19.19152
16.43744
15.97222
