35.91270
37.68797
36.31360
48.06338
37.77546
37.39307
36.23204
36.53571
35.15094
36.53571
32.85935
34.77222
36.07217
39.30070
34.24814
36.93017
36.18992
42.14773
33.01887
35.18893
35.42002
41.40197
39.63260
39.25520
39.49843
44.30272
36.11886
39.07193
26.20192
40.21855
42.30867
36.31360
37.83101
34.86943
37.16450
39.80196
36.45940
34.89254
39.45748
38.98293
43.22844
34.31373
35.79308
39.90755
43.64917
37.14404
40.38190
35.32857
40.15205
37.45382
46.89335
37.38095
32.52896
33.79202
40.14378
37.74063
35.82718
36.15122
35.11905
36.17300
34.53154
34.60884
36.03427
38.60837
40.57765
31.20174
39.28571
38.01653
38.33574
40.74175
40.45455
41.08424
39.83862
36.34002
37.11529
37.90404
41.43826
40.33703
33.84848
41.65737
35.13558
36.56775
40.82792
38.30645
38.60432
26.20192
41.20955
36.38184
36.31360
38.57710
35.71429
39.87103
35.69109
39.81612
39.70925
35.32857
36.96911
41.02228
38.08013
36.77885
39.83620
40.72421
35.42857
35.49740
36.30952
36.42857
41.18635
41.66999
33.91331
40.14378
37.69201
34.53154
36.69825
36.62132
35.54791
34.23345
42.04734
38.64028
39.34729
38.30128
42.97445
43.29044
35.96273
35.66527
42.14286
30.86081
38.79344
35.02280
41.02787
36.23410
34.12071
36.24687
34.76978
36.82592
40.73359
35.59363
35.58340
40.96779
44.22909
43.19728
39.34524
37.41883
36.17300
37.01418
44.29499
38.92375
37.89063
35.10112
38.00676
34.78752
37.19008
35.50967
38.60432
32.17166
37.13803
37.72046
36.70054
34.00424
33.44039
34.89254
44.27966
36.73469
37.56868
38.77820
35.20408
36.43065
44.64286
35.22885
35.43109
42.50000
39.64768
39.56044
38.58734
36.24733
37.99967
37.99044
34.89254
38.20457
34.00048
36.33628
39.12749
39.70588
35.16097
38.98248
33.36677
39.20660
34.81324
43.58617
35.71268
31.42191
35.52695
39.61364
37.46352
40.14681
38.22751
35.18519
41.02564
42.67161
35.90792
37.84632
34.41314
35.60695
40.65702
39.99570
46.78356
40.33613
38.45819
47.39653
37.62909
36.34582
37.37903
36.32703
37.76968
38.58885
30.86081
31.55395
34.19982
39.52156
36.08121
36.04911
39.17269
43.10777
35.77682
39.56044
36.89887
38.32589
37.34756
35.90888
40.64935
40.67199
41.54082
34.85977
35.52124
40.16129
39.05280
36.42097
33.60530
48.29932
36.42332
45.29440
36.55729
40.45868
40.63312
37.95254
36.57635
36.34582
38.20547
41.68913
37.05357
39.48231
36.70151
33.70098
38.55422
36.16765
39.69368
40.49587
36.30200
37.57576
38.86623
34.79273
37.60385
35.38803
35.84416
41.67464
40.89028
39.81911
31.50510
39.70588
37.50000
38.56567
41.00950
32.52896
33.79202
35.59363
35.39807
38.02760
34.59539
