32.18198
31.41529
31.01128
31.81818
33.21732
31.48453
32.64689
31.47655
32.64689
28.63970
30.59973
30.90468
28.58010
33.07199
33.48399
36.32787
25.01952
30.53058
31.19633
30.93984
32.06641
26.20347
32.41507
30.98118
33.11290
32.83918
32.80102
30.82918
29.35277
33.34200
29.36311
31.19488
28.13815
33.88869
31.59128
34.69693
32.13400
32.92577
35.18145
36.76411
30.45084
33.36948
32.37551
32.98969
31.47256
29.87377
31.78404
28.56794
30.34409
33.19336
22.38257
35.74597
31.67654
32.14096
33.53967
32.70949
37.17450
31.99752
33.49986
32.84905
38.02867
31.74440
24.61598
30.53058
34.82653
31.89489
30.76181
31.54567
35.48698
30.71881
29.34612
28.34260
29.97181
32.87250
34.78284
26.92600
30.94814
34.06500
32.53468
34.99675
29.03626
33.98712
35.70862
33.03156
29.23497
32.57692
32.10053
34.91590
28.33747
31.01128
32.21706
32.12006
35.55038
32.78979
31.82312
21.99666
34.22356
33.07141
35.76463
31.32892
32.69126
29.43270
31.52787
31.70095
36.33197
33.61044
31.10136
31.09165
34.98510
39.34001
30.71881
29.96233
30.57273
29.77332
30.21184
29.74521
33.12144
32.45008
30.92525
35.30977
35.70862
30.82452
29.23497
32.74521
32.64662
32.72131
29.68565
36.19331
35.11891
37.55589
38.30203
31.63805
33.27869
31.70217
29.78290
32.10879
31.22094
33.11251
33.09654
30.07880
32.47801
33.65186
31.16617
35.87319
24.61598
33.06834
32.11389
29.06633
37.30857
34.92770
33.67823
38.50806
33.84634
31.54716
29.00744
35.67464
30.47396
31.23264
30.19566
30.57348
28.13815
31.38590
38.11545
31.74367
31.90824
32.76887
30.88620
30.12576
29.03626
37.00759
30.55811
33.10378
32.93323
33.19328
31.79724
27.08729
28.76344
31.97692
29.92535
29.69534
37.30388
31.82312
34.71708
32.64017
29.68447
34.87003
32.10716
29.03626
31.36996
34.85858
33.53743
33.27869
35.44026
32.51366
30.83228
38.06074
29.63710
28.56794
30.72432
27.60800
30.64516
31.29032
24.61598
28.56794
34.22460
33.41491
32.31147
34.08366
28.45161
33.39307
29.46003
30.38649
31.55065
33.94265
39.86782
25.01952
29.14213
31.14754
31.35246
32.15905
35.28621
31.84164
32.39288
31.68416
34.42623
31.03640
31.73302
33.60656
34.64006
40.57377
33.28210
28.91803
31.24512
30.19988
35.57783
32.16268
35.30466
31.64137
31.17846
29.84702
31.18575
34.16202
32.03015
32.13819
31.16545
32.79962
34.98410
40.85577
32.20430
34.45341
31.61846
38.34311
31.15741
34.74352
31.29032
28.56794
34.40860
31.32800
33.76269
33.99891
36.06557
32.62902
28.31228
32.50485
32.84846
32.50390
30.45583
28.91803
31.44347
32.06641
28.00000
31.32155
31.35246
29.03626
34.56080
34.46480
33.74818
