43.49222
38.68906
40.24365
51.84584
41.80433
43.83833
40.80168
40.23471
41.06985
40.16227
36.50794
36.89422
43.78265
34.50110
45.42813
36.32676
30.12452
43.20587
41.03902
37.31995
42.65610
36.33514
40.37195
45.81395
43.82744
42.53995
38.03346
43.24138
41.71336
40.94295
43.39241
39.12916
47.40315
40.46046
44.84633
42.21206
44.67085
46.63108
40.93722
36.61099
41.31944
43.29040
26.13574
44.70295
42.08786
38.62674
40.57254
44.01412
46.73981
43.03365
41.10858
42.60711
48.50322
41.80475
33.85198
38.31314
41.28245
42.81257
39.29128
38.19629
45.99674
40.20265
41.02011
38.57280
38.81739
39.20913
43.30749
45.28039
32.77821
42.37853
41.89655
37.65517
36.84077
43.91850
44.00593
41.54310
35.22167
40.44896
42.43114
44.56569
43.37099
44.36015
45.25033
40.54656
41.83154
48.21620
42.58425
40.63218
25.15674
45.48754
41.33691
40.85684
41.47610
40.58686
38.76661
44.06814
43.92170
38.34459
38.97516
43.93402
41.83897
39.07480
45.30788
44.03418
41.37931
41.29341
37.96587
44.69496
45.26066
37.64368
39.54394
43.20166
40.92148
46.68008
41.96429
39.70994
40.81439
38.10818
42.98101
41.83131
40.67815
40.78341
39.57635
45.07121
40.67460
41.12531
37.00992
40.53437
38.45735
48.01061
47.92445
36.97890
40.31968
41.81782
38.60570
38.89507
37.15815
37.18870
47.82043
42.09030
44.32880
41.01745
45.21277
40.12358
41.06688
41.90126
39.09230
38.41770
38.61053
50.56325
47.33402
44.71026
42.30114
36.76113
40.59011
41.94519
42.32951
50.10796
50.76797
41.30604
45.52483
40.67982
42.73231
41.26706
34.75581
36.01311
40.56261
37.94938
39.73447
43.36669
42.64623
36.30064
41.17965
43.93473
40.28433
45.56789
36.03580
45.58429
37.98328
38.75205
51.52414
36.16741
39.49454
37.32191
40.00169
39.54149
28.77155
43.97447
40.46222
42.25972
35.58881
43.52511
38.70339
42.72239
41.16601
51.98055
39.13271
41.11976
36.90932
55.61051
41.89929
41.94250
41.40930
41.11406
39.52746
32.83221
37.80651
41.09195
46.71659
36.64887
41.06839
42.70483
44.44444
40.24170
41.44841
43.96129
44.29392
42.82614
49.11877
41.09445
45.72714
40.38885
41.30380
45.97426
43.44828
41.12934
36.63793
53.54331
40.34483
40.36226
38.27586
41.82661
35.29946
45.19704
43.11594
39.22858
42.51041
45.09059
39.37192
35.62759
40.16454
42.35589
43.38379
36.15919
40.28227
37.87319
46.52523
40.44599
40.85807
44.89967
44.47506
38.33658
43.89658
43.65915
48.55629
30.23516
38.91892
