36.42344
35.14198
36.78161
42.71172
36.11046
37.70023
37.87976
35.36250
36.20571
35.71887
36.41211
33.36643
34.19660
41.24839
37.79947
41.17596
38.38594
34.70046
37.15861
34.15461
35.29412
42.88284
37.15753
38.67857
36.20311
35.76435
35.89208
40.02463
44.58995
35.81044
38.84245
24.07526
38.12004
37.62458
39.10856
41.00318
31.94444
38.09236
35.66327
36.11945
37.17376
37.04600
42.36607
36.56152
26.37987
33.79791
36.79453
37.67469
54.22262
18.18182
85.71429
37.86214
32.90514
36.09428
34.56876
34.47498
35.97329
38.18182
41.64839
29.04545
37.87879
36.95015
38.88498
39.69548
40.50239
37.76715
38.99107
31.20856
35.77812
36.64732
38.98551
39.91043
28.07487
44.39421
33.03571
35.13199
37.01737
41.59184
37.70737
35.82317
23.24507
40.78212
35.27597
36.22449
38.25439
34.14021
36.25450
39.84821
38.76251
36.24037
37.45421
34.29024
38.18559
38.32418
35.27628
39.85874
38.74509
34.94898
31.83798
44.15040
38.27506
44.08749
44.06015
37.68595
42.31688
35.44664
38.75719
39.70037
35.31607
38.61472
32.06061
37.25830
37.71429
40.28884
38.83929
37.13425
33.74888
34.82143
33.12212
36.31741
33.77329
34.83349
35.77068
38.58516
36.73060
39.92392
35.72925
41.39051
36.86565
37.82164
40.52632
26.03668
39.41068
35.59379
32.53589
41.92785
37.72987
37.05404
37.06221
33.41584
38.64960
37.23602
33.68644
34.98884
36.11607
32.64373
36.14946
42.66807
40.53951
39.30098
37.96719
34.05388
35.73097
35.02073
42.75351
36.62946
40.92713
42.88903
37.34785
38.44817
36.65179
29.15737
32.18695
35.86006
32.48689
38.49411
31.36748
35.85651
30.90062
38.83363
35.87185
33.73162
38.07870
32.89717
34.64912
38.16695
37.54926
35.95095
37.15891
45.44513
37.16931
34.10395
38.27254
34.08978
35.69422
35.39982
26.91030
34.05612
39.58720
39.35353
37.48331
39.19335
33.92857
34.83124
40.34504
36.99839
44.94406
36.62281
31.73235
34.90973
38.01782
35.00706
32.69713
33.25091
35.66555
40.15595
37.47872
33.72718
24.59954
29.98734
33.32216
37.54164
31.90789
43.90750
39.96821
41.95481
39.35980
37.80032
35.42088
38.44988
37.31602
37.24340
39.48760
38.50403
37.24387
36.79012
41.27428
47.71151
34.28156
39.96229
37.87508
40.55632
35.30764
40.64626
36.81669
36.49351
34.43723
32.35472
38.21429
36.84669
39.19368
40.33512
36.62121
33.82171
37.28294
38.08300
39.21717
37.07792
35.32176
39.29293
38.21372
37.67753
39.80573
23.77372
32.86619
33.39181
36.42987
31.26355
32.33720
38.32887
38.91440
38.34881
32.13151
34.80540
37.09001
41.59182
32.27273
38.28877
41.13636
36.34366
42.35690
34.92942
28.06818
38.87640
36.93706
35.64171
41.37221
32.34362
36.97230
