47.18182
43.09261
42.64935
59.22727
42.38404
45.00561
43.55419
40.97403
43.26852
40.60606
41.71961
39.49934
46.85210
42.52632
49.32551
40.32955
41.42677
46.44156
37.60943
39.41988
38.09626
37.49495
45.80492
42.22437
41.68179
44.56406
42.21590
36.64009
43.27485
48.13893
41.86372
39.42922
39.09900
43.59290
46.95610
44.61091
47.22929
48.32071
30.90909
49.76339
44.15395
46.00879
47.49343
38.52487
39.59358
44.62054
43.96466
44.74004
40.60559
45.50595
54.76190
40.75000
36.60714
39.78117
41.92177
49.92231
42.10082
50.48277
44.20569
37.66758
43.97727
43.49091
39.44308
45.72012
45.97231
46.63026
41.62679
45.21645
43.66370
46.89044
47.54821
50.69421
44.46374
38.95787
44.38975
42.24527
46.50909
44.33628
39.04132
45.26203
38.21138
41.30330
44.96970
51.54959
45.37450
49.18070
29.83165
50.59163
39.18182
42.72727
43.57576
53.52941
41.80808
38.99233
47.04881
45.00269
46.15087
40.38770
48.82155
49.04468
45.67382
46.72384
49.37260
50.79339
40.20202
51.56673
44.10930
46.93388
50.81186
37.34375
43.63636
47.96599
43.64865
40.33058
45.08315
50.95769
40.96011
45.12270
42.14960
41.49469
46.01677
31.15509
42.50121
43.36834
43.33786
37.36922
41.74603
52.84985
47.39958
45.76123
47.97492
48.30094
42.20887
43.24266
48.79545
37.38359
45.67349
47.41533
44.46415
50.41322
49.85859
42.43379
47.12998
46.19481
49.33187
44.60299
47.48092
41.34298
46.72727
38.18182
46.80233
46.05867
43.27905
45.83333
43.88889
44.73607
45.40927
38.42593
42.78416
48.42520
47.78740
51.02694
44.50391
46.02974
50.13228
36.91149
37.83376
43.67284
40.41868
43.45787
47.00245
49.09612
45.18139
36.90167
46.93048
42.15909
56.95868
42.38245
43.45250
48.77666
45.71922
43.54874
46.23967
40.71770
44.65909
43.70188
45.03966
40.49706
40.42661
39.76155
38.85167
41.94466
43.80682
44.78114
48.48181
51.81704
45.10582
46.49235
44.31063
46.37277
41.99601
44.42080
48.01829
45.02408
56.60511
46.20536
44.76672
47.70963
58.79237
52.43697
53.29292
47.37294
44.96909
43.40986
46.30952
38.52679
36.61565
42.46753
44.14634
42.66234
41.41558
50.26316
41.54839
44.26997
51.02694
42.70968
49.86510
40.44444
41.79704
49.06061
48.46041
44.89139
39.29459
43.83292
49.69697
49.86301
42.52933
39.22078
57.17172
41.62861
54.95972
45.03565
46.77419
43.56250
46.31186
44.52031
48.70130
49.01786
47.49174
46.42074
43.63731
44.50549
43.61997
45.23810
45.49216
48.90742
49.01402
43.32418
44.12517
49.13724
42.94496
46.16863
41.42036
42.68926
49.69734
42.94496
44.19927
37.26852
46.80979
40.58824
42.88462
49.20520
37.84843
41.60818
42.39631
43.18102
49.13724
