29.48113
29.14274
31.47312
30.95260
32.20788
32.41852
32.11271
30.18868
30.39562
29.75629
28.04863
28.76559
36.66526
36.53846
28.33595
32.24144
36.72161
32.11382
30.01508
31.85404
35.26651
22.26923
33.97436
32.92440
34.85892
38.43101
33.54028
31.06971
29.59583
36.19974
32.91152
32.51202
31.72211
33.97436
31.17807
21.67832
29.27350
31.01898
33.06302
29.00641
29.38240
33.44780
37.35368
29.73268
28.94394
31.74294
33.18047
36.66939
25.18697
34.02583
32.94758
35.53794
38.64427
33.25549
30.87460
25.52448
28.87250
32.72977
33.27155
36.30202
35.75032
26.34953
35.03344
34.49684
37.39046
29.70991
28.13765
32.54579
32.16973
30.51923
35.16949
30.78827
31.61596
35.05917
30.15947
29.50000
30.70913
32.11538
34.35520
37.80308
31.60173
35.85088
30.53563
27.78202
34.76220
33.02318
32.20915
37.93738
36.29813
30.21060
30.32741
31.65891
30.87002
30.02182
27.33344
34.47889
35.40356
32.16123
24.99227
30.39480
30.14030
35.58373
35.65743
28.04691
30.92992
36.03876
31.94056
35.87369
32.86325
34.16607
32.82705
29.54882
30.61626
36.66346
32.73921
35.62753
33.06856
31.78830
30.09424
30.69127
27.89744
34.02726
25.80972
28.34563
32.07339
30.46875
32.94013
33.38828
30.09797
29.41831
30.03394
37.45507
32.39212
33.44120
30.87460
39.38343
30.15593
28.48101
32.96799
29.58813
32.54950
30.34682
31.36312
30.86304
27.10748
33.15018
34.93173
33.84116
29.05468
35.03979
29.90385
30.18701
28.84615
32.45368
30.54029
31.18027
31.51401
32.88623
36.79679
29.62278
33.46154
31.62955
29.92543
38.91058
29.40089
32.39316
28.58589
31.09557
30.79522
22.67442
31.26905
33.48416
35.02795
31.51096
39.55946
30.31121
26.84407
31.61372
33.20546
32.71363
28.78959
32.32962
34.13462
32.72080
33.11966
30.86660
33.09938
27.69673
31.00275
34.73813
29.71612
40.88025
31.11440
29.51092
31.46989
34.31239
38.45727
31.37437
33.59471
31.54843
31.30189
31.88945
30.16418
30.63639
29.77211
33.79380
35.06193
31.75202
32.05742
28.02236
31.95112
31.41026
32.41594
32.79429
31.56171
31.47773
33.50133
32.95695
31.28205
35.76133
33.29754
33.88009
31.56909
28.64790
35.46056
33.57988
28.71237
30.72289
35.16310
32.80241
34.18533
27.72436
30.74215
27.25141
28.70102
33.44716
34.07191
38.24064
30.33654
30.08130
36.11697
27.63462
33.06938
23.07692
29.50841
31.13623
31.75856
34.56628
29.29095
24.28292
33.59592
30.51471
35.98485
31.74512
33.65904
31.16311
34.18803
32.21778
34.62625
31.05066
31.66346
29.97579
32.24969
28.97878
28.88622
