31.28968
31.84524
32.88387
37.45040
31.22150
32.46364
30.45224
31.04668
29.41114
31.04668
27.44303
28.25056
30.44332
32.43879
30.51479
31.41439
33.38022
34.47917
27.07897
29.22738
32.70042
32.97200
37.24813
34.06961
31.28768
31.25541
32.03125
32.43278
20.31469
38.45730
33.68831
33.71108
30.69829
28.00194
32.24535
35.36492
30.71146
30.97289
34.85283
32.76682
35.57440
28.12046
30.02495
36.96080
37.68380
33.05317
31.77197
29.29688
34.97742
33.47458
36.74464
29.90941
30.99415
27.31481
34.51389
33.54851
32.61142
32.11519
26.62474
33.61606
31.55539
33.65027
33.22673
34.03876
34.48520
28.15293
36.47799
31.02556
32.47080
38.07499
35.50570
33.45704
34.84016
32.17662
32.87197
37.27920
31.17999
29.03846
31.41865
31.08418
32.32323
31.03400
33.47266
31.53079
32.79811
19.93139
34.12587
28.12344
33.48176
30.95694
39.22839
30.93487
33.31741
36.44099
32.54417
33.86028
30.08468
30.89929
34.61927
35.48876
32.28907
34.91265
34.20240
29.07706
34.97554
30.23952
37.05537
35.13374
27.07156
35.85859
34.16005
31.55410
32.70352
32.69175
29.64113
31.66069
37.71818
35.51757
30.96578
34.40687
34.63098
31.18075
31.20552
36.69136
30.99415
33.27327
30.99018
35.40633
31.18929
33.48345
31.67120
30.56262
32.19562
45.88675
32.86238
32.73279
35.66569
30.29811
35.75731
37.10801
33.56843
32.16350
36.61884
32.26017
36.57236
33.19971
30.98007
27.45671
31.71992
31.53255
33.61606
33.57020
35.41560
29.99007
31.78370
32.69634
31.17550
29.06636
26.26578
33.01037
36.94565
33.17610
34.90991
32.60943
32.39907
33.05939
33.00878
31.21439
31.74369
34.06769
34.75976
36.94714
32.44372
31.61968
36.12346
37.65993
31.82563
34.03880
32.21477
32.51604
32.17435
34.95077
31.63399
30.94136
35.04673
25.39095
34.40972
32.92181
28.50610
32.03441
33.04969
33.75538
31.83503
33.53667
32.89161
28.31978
36.25356
39.20154
30.44533
34.05163
29.96633
31.39041
35.18519
35.16260
37.12522
37.30937
35.36585
38.93939
31.05756
30.81214
32.47909
32.77052
32.94884
36.81120
30.99415
24.87329
29.80433
31.13426
32.68705
32.79216
33.65178
36.99106
32.40584
37.28229
33.24615
34.91745
34.44547
29.83268
35.24871
37.01589
35.00832
26.79674
31.54646
33.34513
36.33281
30.64466
26.82046
39.33062
31.52643
38.31169
31.44426
35.66138
35.99537
33.38372
30.84914
30.81214
32.21308
34.26501
32.34954
38.11728
29.91338
29.88134
34.06961
30.19574
33.15469
35.99724
31.33963
34.05093
35.57692
32.32010
32.48988
29.05468
33.34478
32.17838
33.68700
37.53740
26.25199
31.18717
30.88000
30.35113
36.35325
30.43062
26.66316
30.65284
30.46632
33.20395
29.68944
