25.52124
23.23637
24.04446
32.57774
25.41393
26.02218
25.25773
24.58551
24.21457
24.38063
21.06779
22.35471
25.10457
27.21813
22.20077
23.65274
22.90447
26.81487
21.88734
17.98877
23.59139
24.07945
22.16947
24.88889
21.31250
30.50734
20.07018
22.32099
26.42922
21.52707
23.38150
24.93633
25.21881
25.94928
25.15723
14.09524
27.52137
25.68188
23.95618
24.86395
27.85556
21.55694
20.96124
23.69369
25.85311
26.45564
24.90828
26.71404
20.55467
24.56331
26.78313
31.07359
26.31877
24.59602
23.97319
24.05405
28.94466
24.11463
15.43659
23.06207
23.72527
26.61250
78.42105
43.42240
45.46885
57.05426
23.39968
22.66667
22.80899
22.75490
23.38095
24.60684
26.66667
18.97189
25.88034
22.50115
23.76771
21.59549
25.95164
25.65479
25.99382
21.69201
25.24561
25.19960
27.72216
26.14481
25.20129
29.07801
25.16790
25.91501
25.52217
24.54316
26.11284
27.53623
25.99638
25.07314
27.82194
29.12230
24.22195
29.89681
26.14114
23.65624
15.41683
26.96504
24.75225
24.90824
24.27898
21.02911
26.86755
26.56532
23.04630
22.49320
24.44717
24.73478
22.04010
20.55180
23.81512
23.98214
23.47710
28.04878
22.35166
27.23123
24.55301
25.17702
23.81942
28.85601
26.98949
23.59191
27.28041
23.38363
26.44788
23.13240
25.15444
21.12856
25.14249
23.52454
28.15034
28.09122
21.76176
20.68607
28.55405
25.07678
23.30577
25.16972
22.81893
23.64865
29.56242
24.23986
27.93963
29.53997
24.49219
22.52354
24.37233
25.20494
23.49630
20.48227
21.66667
25.55152
23.31455
25.33984
21.22835
22.10644
28.39432
26.85706
29.22287
25.48387
25.74345
33.71942
28.74469
30.36935
26.96844
21.84565
24.90461
25.52530
29.45958
30.16884
23.09619
23.43732
27.20157
23.97691
25.90432
21.88545
24.71373
28.42970
23.03065
23.53095
24.46809
25.50523
22.60698
24.47213
19.39587
25.47262
27.92912
21.57906
25.32877
22.77307
16.74588
21.89624
26.11779
24.39984
25.92007
24.64498
27.34745
22.71021
26.27393
23.33174
23.58903
26.18553
25.11261
32.46030
24.75561
22.49777
25.83948
24.01006
22.92514
24.20882
25.51480
25.45849
25.55613
26.78133
17.68508
20.99792
32.04484
23.96445
27.16870
24.44015
22.24816
23.51513
23.52580
23.76126
25.00591
24.23113
22.90607
27.79923
25.72542
25.56461
21.77809
26.43353
27.74095
25.73927
25.06833
20.97576
30.18347
26.48273
28.87931
23.57128
29.16194
23.15461
22.55135
26.80527
25.62599
22.26097
27.32050
25.89997
21.87572
23.04473
25.06256
26.29938
24.10947
22.73524
24.74104
27.00649
28.02750
22.58128
24.06221
28.41216
19.27284
23.42089
21.45896
20.90984
25.36457
25.12597
25.91216
21.44696
24.91303
