31.96389
29.49747
31.08723
38.45843
33.19277
32.75879
31.17055
29.98247
31.38871
30.34635
28.48613
28.24859
36.51924
28.17355
35.98112
29.20259
24.11056
32.79454
32.51054
30.09087
35.44711
28.58273
31.02764
36.34466
31.60703
33.24522
32.80423
29.83051
31.58077
32.45826
29.65606
31.62355
31.44018
27.25989
36.36262
34.56815
33.48212
36.56604
36.88106
30.92043
29.04044
30.55869
34.49903
20.41843
36.33733
31.91283
30.83051
23.93059
30.89857
35.09534
37.64831
33.61395
31.46458
33.70274
36.29785
31.46547
31.51845
33.54050
34.57564
32.82316
30.77325
36.77626
32.54947
30.27407
29.28382
28.54530
30.62032
35.75016
35.26728
24.44731
29.83619
30.75061
31.36772
28.77527
36.15594
33.75385
33.17825
28.07882
33.08915
32.38111
35.09128
34.14104
35.23810
34.14135
32.02333
34.00439
38.41101
33.53859
32.28300
20.96333
36.27656
31.46927
32.87866
33.76564
35.33904
33.97813
31.01574
31.51226
31.10583
37.27118
33.74507
29.52274
30.31771
34.53749
32.60482
31.20690
35.13317
33.47703
32.07953
30.77416
37.37405
35.84147
29.28437
31.77024
35.69952
32.05907
38.54111
32.32759
31.69680
31.21284
30.08815
32.84272
27.12878
32.07974
32.36074
32.85271
34.66270
20.36401
35.92491
33.76168
28.57143
33.63934
31.64363
39.57335
39.71716
30.90763
33.11995
32.96916
32.42098
28.75859
32.84907
27.47852
33.85034
31.59454
30.44106
32.98213
31.79316
32.72224
30.41107
29.89033
32.75077
29.29960
29.26323
29.36625
37.80699
29.35835
34.11333
32.18555
28.32190
29.65295
32.98213
31.81483
31.29368
38.80247
35.21767
37.74588
33.01371
34.11068
32.22945
25.62467
28.62927
30.62343
29.59064
35.56034
32.10345
29.36980
30.02425
28.41159
33.61319
30.21238
32.52824
28.81400
31.32184
33.01541
33.02306
29.87296
35.82665
29.21393
34.99212
30.90942
31.14407
37.52825
29.20059
30.90852
27.62604
29.66102
30.42278
20.23729
36.47612
32.48354
32.26251
33.51743
29.59986
34.01795
30.41162
31.33828
34.24132
32.25927
41.54883
32.62256
32.99497
25.10228
40.36196
31.87534
33.43980
33.37203
33.00522
29.16423
18.43220
26.20247
31.07345
36.36917
35.49778
35.87048
30.39011
32.47845
32.53741
34.58680
33.27090
36.20690
31.09010
32.80963
34.72665
35.34565
33.12932
36.90293
30.20195
33.73509
35.13891
37.28814
33.05768
28.98305
38.61100
32.05499
32.34380
27.96610
31.63842
33.62606
30.06457
36.18146
32.38733
30.63744
35.86597
33.61828
34.38667
30.80979
36.36675
31.63355
32.07216
29.57158
34.23276
33.60683
35.67498
28.56783
32.85324
30.25584
35.90832
31.87135
33.97382
34.85889
34.38015
30.22446
30.34372
34.63610
36.29099
20.50224
30.19086
