11.51515
7.99727
8.04124
8.91319
10.47273
8.08081
9.13876
9.15433
8.38503
8.16399
8.42052
8.16399
7.51225
50.00000
7.69651
9.20044
8.44478
8.54884
8.32602
10.29066
9.04935
7.57025
7.95115
7.34266
8.18182
11.22010
9.24164
9.15508
13.92344
8.10041
9.62424
6.08392
10.42614
11.10175
8.91319
9.09945
7.86317
8.77247
9.38114
8.76854
7.74411
8.63278
8.50936
8.99793
7.57025
7.99091
7.20412
9.25564
11.00872
8.30277
10.44104
8.38266
7.99727
9.36994
4.24242
9.20455
9.81818
8.29091
6.86217
7.95883
10.33766
7.59907
8.43164
8.22773
8.19559
7.79798
8.04196
8.12570
8.45980
8.38266
9.20974
9.11392
9.16221
7.63636
8.16970
8.99174
9.94652
7.51286
8.60029
9.21447
8.48485
10.56924
8.57985
8.06658
9.62078
9.03369
9.01567
9.48052
8.96669
8.84668
8.67424
8.80165
8.24242
9.20949
10.42614
10.15611
10.82645
7.51286
8.71824
8.59951
6.08392
8.98072
8.78216
11.12727
10.47138
8.36568
8.06658
9.08221
8.96669
7.18615
7.99727
7.67414
12.49417
8.63636
8.62312
8.38095
8.46011
7.84314
8.12570
6.98182
9.91037
7.96238
8.39827
9.78686
10.36364
8.68558
8.78216
2.93706
10.19206
9.09091
8.03477
9.46502
7.76281
8.51852
8.93847
8.35556
8.32758
13.02270
8.18846
8.25502
8.53818
10.69930
7.18615
7.88961
7.82277
11.86603
2.93706
9.24804
8.71212
9.40909
10.26065
10.32468
10.03030
8.57367
8.62436
9.46871
6.86217
9.53671
8.69029
12.61364
10.48951
9.24765
8.70611
7.96537
2.93706
8.83117
11.51515
8.67769
8.58289
7.83471
8.94545
8.18182
8.42048
8.01649
8.01722
7.96863
8.53440
7.57017
6.97674
7.59619
7.21908
10.55849
7.84546
7.92542
9.18866
8.08219
10.48356
8.37903
7.74411
8.19740
11.63636
7.64342
7.95740
11.65501
13.14685
8.86228
8.48485
9.14237
9.10823
8.56803
9.91009
7.51286
7.74411
8.33992
8.31515
8.52927
10.33766
9.84678
8.46061
8.45705
7.66234
9.87357
2.93706
8.16467
7.99956
6.68954
7.81914
8.36703
8.83463
50.00000
8.84503
11.53189
8.10811
8.01268
9.60718
9.86301
8.22314
9.15433
8.04567
7.52688
10.51282
7.85323
9.98788
8.85676
8.55932
9.98950
7.72566
8.03067
7.95828
8.35116
8.45448
10.39251
6.39694
7.02429
7.36831
8.61017
8.26446
10.33766
8.20979
9.41312
9.18107
7.88560
9.22944
8.20455
9.20314
8.18182
7.75686
12.18182
8.74568
9.48052
8.27404
11.00281
7.57576
7.74411
10.36364
8.18933
11.95455
2.93706
9.81283
8.59772
7.61461
10.71601
8.60042
10.22432
12.00000
8.97273
9.26290
8.33541
8.61472
7.55245
9.41312
9.04935
8.68949
11.67464
8.06013
7.77152
9.15508
10.24063
12.04644
13.07278
7.19960
10.39688
9.49756
8.79464
7.79637
7.88582
8.68479
9.56432
8.23461
8.82970
8.31505
8.03634
9.98014
9.52967
8.09605
7.42544
8.93385
8.82960
9.95217
7.94630
10.83432
13.64296
7.12112
8.31144
8.34296
8.41078
