31.80077
27.24835
28.14685
32.69928
29.58519
30.81210
29.07738
30.99564
21.76816
29.00528
21.58120
28.28878
26.11715
30.03755
27.24164
29.52737
31.69479
17.02128
24.13077
28.75500
32.88201
28.40792
31.98702
30.30235
32.74581
31.74238
28.70139
32.90000
31.29278
30.55502
24.34188
26.26250
25.73913
29.65759
28.30928
32.47964
31.97040
26.34804
35.98877
23.98256
33.47222
29.24945
18.99225
26.51734
31.11645
30.58943
31.05945
27.74578
28.86335
25.98270
34.88421
28.66667
31.95745
30.35772
29.24138
22.80952
29.39267
27.05469
27.39189
30.71233
19.07692
33.61520
28.86905
29.66127
30.84715
27.89083
31.19692
26.55651
16.83743
32.59287
28.02083
27.85920
32.31810
23.71454
28.28726
30.37872
29.21716
25.72052
25.85596
29.18367
26.54806
26.44558
30.53061
27.66440
23.02521
28.64519
32.73553
27.15110
34.97305
35.10032
27.27898
30.86156
26.31246
28.00096
25.40448
26.78457
25.06437
20.33613
23.27524
31.91904
31.05023
26.93182
29.23387
34.85314
30.58824
16.29167
29.96483
28.89546
22.22917
30.12821
30.74825
33.34453
27.10569
30.07072
28.88728
26.32392
24.20509
28.20069
17.38809
23.21856
25.58357
28.73638
20.82559
29.18639
25.26462
24.78214
29.03226
29.47727
18.96154
27.70000
22.87805
25.19424
28.11905
26.80769
27.65657
30.72857
32.84068
39.21569
38.24275
27.27941
31.88244
32.32388
30.55871
31.66871
27.25490
21.20434
25.36920
26.57710
27.11988
30.10845
28.49528
27.37636
21.36970
33.04412
27.51522
36.19666
28.71148
28.56063
25.79663
26.64462
26.23377
26.77357
28.40136
29.91795
25.52193
31.20773
26.28395
25.39653
29.48696
19.81132
31.42628
32.32955
32.84314
29.88683
28.29231
28.07487
32.48382
31.41762
40.91184
29.05605
27.22070
29.10018
31.88369
26.07235
21.22261
25.97419
28.05011
29.92157
33.59477
16.42857
29.56115
23.38235
39.53488
25.49474
27.70238
25.47107
27.24706
23.11712
24.24490
28.59394
32.59574
30.18026
30.30332
30.41256
20.41379
25.65468
27.21212
32.13483
27.71930
16.82143
26.68539
25.27586
30.74809
29.64706
24.84536
30.66839
26.74047
28.31735
35.59667
29.27962
26.88026
28.95084
33.09071
28.49214
26.35849
18.99016
31.31616
34.86427
16.18690
26.97973
21.38983
26.54658
26.17822
29.56250
28.52308
36.56250
29.59375
27.72662
25.30496
30.33175
23.93277
28.24727
23.23256
26.85714
