42.80089
41.04777
47.22584
44.49153
46.14574
43.03408
40.64823
42.41034
40.29477
39.23487
39.78276
43.91825
45.14993
41.17942
43.10090
42.34149
47.57798
37.64723
43.11864
37.98493
44.79929
47.32203
40.13122
44.50918
48.69350
43.03134
47.06477
27.86017
46.87718
50.99534
44.19292
45.77855
42.32046
45.04752
48.55661
42.64589
40.41615
45.69479
44.78495
45.64132
35.99833
41.09001
45.45897
47.30738
43.68974
45.05478
47.14575
49.63702
49.84502
43.52592
30.08445
40.20766
42.98977
46.04837
43.11287
41.03200
43.20794
44.82759
41.06662
40.75519
45.15464
46.59657
47.78826
44.11202
45.17399
37.12454
42.12042
43.25530
45.03401
46.76744
33.28947
53.26404
40.05650
42.74184
46.66821
44.80294
42.48844
27.22137
48.17775
41.61800
43.33185
47.06186
41.64649
49.38069
36.99634
47.08920
48.07128
40.03597
39.18561
43.97849
45.72568
40.00000
45.50228
44.11202
41.24777
44.92546
41.19738
42.91564
48.37772
48.49047
39.30900
42.74539
46.75628
41.66837
43.54507
44.83073
43.57724
39.83333
49.03226
44.66292
48.72414
43.86905
50.36385
50.06993
41.51762
43.42412
49.24797
33.13953
47.61023
44.44125
50.26024
45.12502
41.24294
44.10947
41.07521
44.95304
42.05755
43.32422
43.81702
50.40143
48.95207
45.56714
45.81527
45.43466
43.14600
43.08103
47.70801
44.75434
42.26314
42.39248
40.89476
38.33556
42.71449
43.78251
43.98804
35.56935
43.14525
46.07836
45.41953
40.31477
39.77325
40.71999
51.43051
45.60404
46.82381
44.65000
40.81944
42.34807
50.75949
39.35103
43.06152
50.85106
43.80952
43.83041
45.50314
40.92593
46.34503
47.41119
40.51261
44.95871
41.06992
45.88512
43.49648
44.47387
38.02328
44.22715
37.54494
46.10169
40.70669
53.58945
45.84930
33.84122
42.55288
49.07001
43.99524
49.18635
44.30791
37.75986
45.41152
46.38258
38.55903
46.24031
41.78803
42.15243
47.23979
44.85663
54.33712
47.41011
36.89700
54.26602
42.93785
42.33479
46.69895
44.59796
45.70891
38.75489
30.03967
37.06215
40.66782
45.97458
44.40453
41.55548
40.64152
49.15254
43.90087
42.91870
46.20274
43.94117
40.88765
42.90759
44.61017
42.37288
49.55582
41.07947
39.72361
48.66481
42.10417
43.36133
38.21639
53.36976
43.20062
49.37549
44.28640
43.79098
49.28161
43.60215
43.04107
42.12121
40.76923
47.31151
45.45852
46.49718
41.84343
38.18713
40.25641
43.54167
48.76280
47.08417
42.97027
44.83520
47.03390
40.81505
43.01505
37.27029
40.55395
46.24697
48.10279
46.12591
33.14770
45.38406
46.69557
46.58423
49.74624
30.43635
40.33709
42.18100
43.24163
47.08998
42.02186
