37.97271
38.07391
38.88889
48.29435
38.48207
40.40570
37.79904
38.22055
37.85837
38.22055
34.99889
36.07630
37.83672
40.79329
35.90795
38.12865
35.61176
41.86910
34.78408
37.16312
37.11552
43.96930
41.49834
38.81857
42.42619
45.96299
37.07575
40.53585
26.28497
41.37931
44.41228
38.21839
38.69446
36.36883
38.46648
40.39647
37.41126
36.52038
39.83740
38.80208
40.29221
33.69281
35.45584
39.02582
43.58255
36.56999
39.69388
41.16795
41.71429
46.56955
39.05109
31.89484
35.59666
42.43970
39.27943
38.31845
36.70635
37.76697
36.51946
38.56339
37.16742
37.16491
37.64620
38.28191
42.44939
32.97284
38.70318
39.04971
38.44362
41.70150
41.29885
41.05400
40.49647
37.44828
37.48514
37.50306
40.45193
41.28401
34.25287
44.38314
37.30553
38.49096
42.10526
40.03924
40.80133
27.26046
42.41253
38.34586
38.88889
40.53106
37.51484
41.65517
36.47559
41.50927
41.29885
35.72414
37.38781
39.82603
40.19452
36.79851
40.08621
40.29374
36.46602
37.91667
38.10916
38.32407
42.45795
42.72329
36.50054
43.08772
39.88818
37.41520
37.94081
37.70676
38.14238
34.41210
43.28818
40.15086
38.99486
39.47368
44.03682
44.02385
36.58500
36.57388
44.87418
30.79502
40.72433
36.95652
42.83022
38.39685
35.66482
39.00376
36.38121
38.50101
45.40138
37.39486
37.36088
41.02044
44.36501
48.49138
41.06985
38.63456
37.54431
37.08183
44.98851
39.08442
37.11002
36.91369
38.23807
36.47559
37.40503
36.93285
39.56322
33.14794
38.47426
38.66891
38.07285
34.94352
34.57085
36.52038
45.41742
38.44980
39.30732
38.70968
36.85543
36.71700
45.28257
34.90534
36.47095
43.75582
40.64714
38.99594
38.97938
36.78600
39.57535
39.33584
37.16108
39.84271
36.88984
38.88209
41.96856
41.60401
36.36591
39.73266
34.70893
40.13158
37.30553
45.70464
38.49588
31.89484
37.82468
42.28844
38.05115
40.93955
39.02675
34.60740
40.18391
44.13345
35.01014
39.59092
35.57354
35.75752
39.84674
41.79477
47.31452
40.47368
37.48395
48.56534
39.74442
37.38358
39.25656
38.21740
39.41863
41.00877
31.33528
33.48425
35.33673
40.28340
37.91423
36.86952
38.99622
42.98246
37.37758
39.29484
39.62675
38.48684
39.50539
38.09524
40.89314
41.16059
40.74612
35.47468
35.95679
40.50109
38.80597
36.26638
33.33333
47.01587
36.17253
45.46296
37.03993
41.22549
41.74312
37.85920
36.83071
36.73904
38.32388
41.14721
38.74940
41.79377
37.06184
33.97566
38.14928
37.30741
41.76223
41.70703
37.33028
37.82408
40.24165
37.21908
38.36973
36.08404
37.84925
42.60652
42.98868
40.35088
32.18391
42.42619
39.45930
40.62738
42.90848
31.33528
34.97216
37.14047
37.36088
39.93091
36.83086
