20.51351
20.98734
21.60331
24.18462
20.28571
21.26582
21.88811
21.95714
21.51807
20.96454
21.51807
19.38235
19.67925
20.64897
18.45316
20.02731
22.65971
24.72582
20.15019
20.56125
22.66340
15.18468
23.94221
21.46069
21.70111
22.71605
20.81402
20.59459
19.67925
23.11243
22.50602
21.69697
23.81818
20.95652
19.06250
19.74286
22.81818
21.54545
20.56250
20.30137
20.55319
21.69811
24.25581
19.00752
19.09259
20.73469
22.11667
23.40444
17.96774
22.64567
21.84466
22.14858
24.01731
21.47882
20.24133
16.32353
20.00000
20.85193
20.42958
22.89855
22.32364
18.24730
22.10339
21.71071
23.96000
19.67925
20.34375
21.93617
20.82081
20.88636
22.77477
21.23596
21.60331
23.71613
20.60714
20.85393
20.40000
24.42105
22.55696
24.51765
20.61702
23.53125
22.30769
19.73154
21.04762
22.80460
22.60741
20.49038
21.36296
24.99401
23.74834
19.21265
22.59427
18.68873
22.11467
20.94943
19.19608
24.72767
24.81618
21.16459
19.52614
20.70735
22.34106
24.72293
24.54361
18.97405
19.96855
22.96721
21.00971
25.05556
23.45946
23.33333
21.24832
20.12500
20.02410
23.62500
21.42609
24.34783
21.64341
20.64220
19.81690
21.38462
19.79104
18.98438
20.64615
18.61224
20.09091
21.21519
21.01149
20.93122
20.11429
21.68159
20.24490
19.59292
20.55319
25.71717
20.62944
22.02020
25.49733
21.11475
22.81818
23.27778
21.08475
22.04348
20.34286
20.64615
22.34091
22.51765
20.30088
21.25532
20.55319
20.41379
24.63636
21.06939
22.26364
24.32353
20.13889
22.35714
20.00000
19.93939
19.55340
21.61905
25.00000
20.81301
20.18405
21.39450
23.67442
20.55319
22.46617
21.01449
20.85393
25.31183
20.55319
21.60000
19.33871
20.41290
20.83212
19.06250
20.12195
20.61069
21.12281
19.75155
19.53846
23.20000
21.03448
20.14194
22.30769
22.91667
26.68571
20.72340
19.37143
22.19718
22.59770
19.02632
22.59770
20.84411
21.12409
21.54930
20.72593
22.65934
20.03030
22.76692
21.94118
27.40000
21.08571
19.86301
20.98361
20.48182
23.43604
20.62837
24.16290
20.64107
22.48062
20.42364
20.81448
20.70735
21.24183
22.62745
23.42413
23.94221
20.81833
19.60784
26.86275
22.90076
21.10828
21.93443
20.08140
19.86301
23.14094
21.83838
22.00000
23.17037
21.30481
22.60215
21.28155
18.85057
22.51429
21.39024
19.74510
22.51429
22.68421
24.15172
21.03448
22.28571
18.34862
20.83721
19.65217
20.55319
23.95699
22.36508
22.19310
19.77959
22.71605
18.45316
19.92817
19.69697
24.97589
20.74218
19.91043
21.84874
18.64892
16.92677
22.31055
19.34046
19.45167
23.35404
21.60331
21.73563
20.29870
21.41429
22.92655
22.51429
22.75676
20.80392
20.30769
22.28319
19.51145
24.68571
23.88430
