20.38419
19.24353
20.35992
18.01802
17.94489
18.96171
17.85348
17.17839
17.58190
21.05302
19.78545
24.32770
18.64020
16.93447
20.85470
19.42308
20.11236
18.57353
20.46028
21.09594
20.18735
21.59824
18.62507
21.39914
20.68696
19.17652
1.56250
0.23516
23.02617
17.73728
21.39303
19.61519
18.17495
19.20012
18.96643
23.44527
15.00191
17.07724
18.89764
20.75987
17.83521
16.10897
21.68803
19.99008
17.52381
20.86703
19.47726
65.74074
18.63948
19.88565
25.83955
16.25742
21.07828
19.60239
19.86431
21.00817
19.23383
18.11940
17.97499
24.72179
19.44016
20.80548
19.03684
19.55364
20.29418
18.89998
17.79720
18.89145
20.60294
13.03949
19.98711
18.13562
18.99767
20.10628
17.97321
19.03974
20.02850
23.42321
18.63395
20.74511
20.47372
21.89584
18.50090
19.59557
20.38066
20.86691
22.91702
18.67681
19.17857
20.37705
20.81303
20.57323
17.76722
21.33154
18.87999
18.73887
17.27474
19.83099
17.95158
17.30755
17.47681
18.60923
19.10448
20.00000
17.51001
18.41889
18.33689
18.14538
16.24360
18.23420
20.42910
18.74319
16.25742
19.63110
20.34714
21.57654
20.98567
17.48177
20.54639
20.54891
22.49240
0.37879
11.26984
19.85988
20.23217
20.76136
17.92616
12.77436
20.28722
19.76289
18.93605
19.49928
17.46721
17.15889
20.82669
17.81609
17.29109
17.75120
20.08109
18.04954
17.73681
19.83017
21.04377
18.52890
19.98029
20.25675
18.86134
17.87879
21.53199
20.40619
19.00826
22.30444
19.51875
17.33696
18.44436
16.79104
17.68017
20.54877
23.09638
23.09638
18.56077
18.66571
19.83169
20.40330
15.55381
20.16212
18.01655
17.49871
22.97686
19.69838
18.42105
18.52546
25.29659
17.21662
17.42638
18.59453
19.10448
19.81147
17.66397
20.78631
18.81850
20.58319
19.01776
18.99718
24.16667
18.66319
18.20871
17.91831
19.26635
16.15630
18.01124
24.28531
17.64497
20.20343
19.49373
19.03846
17.86982
18.13520
17.05983
24.98960
19.38572
19.40780
19.75417
17.92616
16.14297
16.61050
17.46509
16.80681
17.47981
22.71361
17.92616
19.66657
19.16667
18.70769
19.90418
17.07123
18.17436
23.86154
19.82280
21.52137
22.85516
18.84762
17.88118
20.10701
17.14807
21.23638
16.72978
16.52878
16.51686
18.72515
24.18182
15.43590
21.70803
24.40000
24.81905
6.28816
14.53782
17.60368
17.01118
18.98624
21.55887
24.04416
17.64201
18.44551
20.20353
19.62087
20.76760
21.69221
21.24731
25.72917
15.21930
19.50565
19.45988
23.51587
24.07407
2.53890
24.49296
20.00000
18.19585
17.51843
17.62716
19.11670
18.41844
19.55446
19.94949
18.23649
17.44966
19.72882
20.41406
17.37077
18.49254
19.31632
20.96365
19.54291
18.84092
24.75513
19.53001
18.88116
21.87500
17.92691
20.62316
17.57029
16.50507
19.39574
17.78693
