35.57971
35.86667
35.46296
44.00000
32.47207
34.13991
34.68310
36.82000
34.72000
35.19737
34.41406
35.19737
31.67339
31.95876
33.01346
31.38480
35.13849
34.64782
36.79042
39.50348
34.13921
35.57927
35.79946
43.98374
32.28910
26.32464
37.01669
33.65722
40.01603
33.28753
32.83582
31.65125
35.18209
37.07317
36.25023
32.44702
33.16088
33.52283
35.11354
37.27881
29.43650
34.77642
35.02854
33.57143
36.35776
38.26271
25.68750
39.26259
37.50000
35.54511
34.64461
39.16667
38.17308
29.28571
37.19551
37.05285
40.52500
36.53935
36.28049
34.68135
33.70018
37.66682
36.84362
32.19876
32.52033
36.60279
32.84553
32.71862
33.16617
37.96009
36.55027
31.11604
35.16260
36.63319
33.21621
34.49936
32.44963
35.65127
35.91660
33.32063
32.78719
39.22895
38.60326
32.24337
35.79992
35.41552
37.18442
32.26050
39.80205
36.85213
35.15916
36.78975
35.10788
41.12700
36.33695
40.93419
41.00322
32.59424
32.68046
39.89252
24.94099
36.60291
33.04678
36.32863
31.28680
31.70732
34.81386
33.94309
31.30081
30.15728
30.81020
42.26749
32.04170
34.31455
29.82807
34.17314
40.76127
42.30183
37.17502
34.42509
34.83098
38.05719
37.42849
35.15996
33.33333
34.86123
33.19453
35.22117
37.24680
29.47154
30.83919
34.65315
32.02407
32.80067
41.12892
34.94665
33.27311
41.57887
30.43237
33.31842
30.58004
32.77980
32.04170
27.26481
37.82487
35.45966
36.01626
37.48593
32.90466
35.10991
30.41390
36.74400
32.88478
37.19512
30.97925
36.05854
31.69106
33.43938
32.33674
31.51970
33.99658
38.94029
32.08426
32.13076
35.46541
35.81707
32.68888
38.55691
33.41076
36.50000
35.27632
36.01563
25.56452
29.63816
31.23967
35.77236
38.50000
37.07031
43.21429
35.20115
31.90476
33.50000
36.32530
34.51646
34.38291
42.88618
32.86585
35.58758
35.73171
33.43188
32.62195
36.68915
37.92683
36.32270
30.08130
32.60822
31.47327
35.17485
32.79248
35.04390
33.57470
41.15000
32.44118
38.14050
36.47727
34.51613
38.67886
36.02071
34.01099
31.76471
42.93605
34.16129
42.33051
35.04934
39.90506
32.93033
41.86667
33.95833
36.15291
32.11340
34.05702
34.91525
34.23913
31.30952
34.57031
34.29795
35.20455
32.98701
32.12121
36.02837
31.73670
30.87448
32.34454
31.70732
35.04925
31.16958
26.88008
38.83677
35.54007
36.47744
35.44090
30.84186
35.44207
34.31572
38.32225
24.62628
35.79699
36.30258
36.63839
32.11707
33.89560
32.78138
35.36585
38.59270
35.46843
31.51970
37.32683
29.38727
32.00571
29.18832
36.39179
37.07317
33.39587
34.64988
38.38012
35.52599
34.41463
38.11223
31.26386
32.97909
34.99136
38.79855
32.83650
30.98996
32.92683
36.67487
24.32927
