34.58392
39.59484
35.53114
36.88034
36.22477
36.63912
32.70640
33.25821
40.55521
35.16835
35.15028
40.04396
31.89103
36.69683
29.70326
39.52461
37.92703
37.61726
37.85773
35.67664
40.36481
36.78984
37.47151
38.89664
32.93232
39.91877
37.02635
20.13981
35.22727
36.11523
38.55373
38.82328
30.45120
35.71184
39.97816
38.90449
37.17137
31.44665
38.77878
43.28310
44.10681
34.47972
32.90021
34.45432
37.62707
37.04758
35.66269
36.35236
33.51346
38.06706
39.18269
28.74861
36.75380
40.16553
42.30769
30.89929
40.73209
43.61731
38.17418
34.37500
35.30354
37.84136
36.39401
34.37283
37.17116
40.29680
32.92221
38.04704
37.46634
36.28482
36.46247
31.50183
40.62425
37.92143
35.47463
41.52537
36.54803
38.45508
36.25281
31.96533
33.69963
32.17033
35.53065
38.03419
34.09793
37.42284
30.88889
36.91990
45.83970
45.69838
34.01840
36.48808
40.31631
37.37773
35.48879
38.44039
34.62747
38.69390
35.68580
34.68908
35.17371
31.50831
36.80000
38.96456
31.08481
33.44482
39.00058
37.68839
33.44401
33.23408
33.33333
39.79640
35.01528
30.58775
30.75327
38.27054
37.24184
38.84643
30.60534
39.17349
33.67734
39.90454
30.69133
34.89297
38.03655
38.06603
30.60579
35.90241
43.51074
31.67067
35.29180
31.58436
36.28846
35.46536
34.89715
35.69285
41.92817
36.50324
32.39645
39.53818
33.00523
37.24041
41.98335
35.96788
35.73865
38.53105
36.33618
38.67521
35.53114
28.44702
33.36315
39.85989
35.42510
33.03686
35.40434
37.12883
37.80261
35.10247
38.40326
36.24779
39.64235
41.64926
35.15535
36.23110
36.88902
40.74303
34.66141
33.06831
37.40312
39.67450
38.80636
38.92892
29.74684
35.47187
35.86892
38.32098
37.60550
36.37968
36.56410
33.37258
31.62059
42.39253
41.82301
40.80023
31.90580
40.43682
37.11297
32.90333
34.74843
36.88911
