13.69048
9.87966
11.80502
12.10443
14.07143
11.87888
11.36043
15.18759
7.37670
11.89024
9.87966
11.32953
10.98668
17.37879
10.71146
12.27013
12.02797
13.70370
15.60606
12.98701
13.31469
14.42940
3.72727
14.70925
11.32678
17.02479
12.32607
11.63159
10.96474
17.03297
8.49899
10.49261
7.29605
13.92447
13.86396
11.87613
14.94803
11.31034
13.13444
12.98297
11.83570
11.68582
12.15107
13.17179
13.61474
8.92907
11.43850
10.48971
12.53918
11.34656
12.44941
9.48276
7.04648
9.95778
15.59806
14.44593
12.38436
12.97343
11.76108
14.12748
11.12347
12.35239
15.07230
15.02058
16.28910
12.65432
12.63252
14.46879
17.95102
13.79142
13.49026
10.89709
14.15119
11.57940
19.09124
13.32388
11.12479
11.90764
14.31616
12.90096
14.14739
13.24675
17.60462
13.89671
15.80624
11.71948
13.20648
13.66234
9.55654
13.80030
16.85315
11.18046
15.17139
11.50635
13.84657
14.48131
11.39926
14.42790
17.28027
13.34549
11.21681
14.29562
14.29119
12.19668
10.90186
14.98674
13.85942
13.18903
14.17877
10.63218
12.39962
13.75661
11.68729
16.24461
14.97332
14.49413
7.15010
14.78240
19.77307
12.41726
13.00862
11.94975
12.26761
13.38583
14.79735
12.40018
15.73698
13.52847
14.24682
12.84540
11.88966
12.25152
10.38151
13.22515
11.83687
12.98726
16.47926
12.42983
10.04310
9.09962
14.88793
11.37931
17.38615
12.72871
11.21681
11.09445
12.57184
13.97849
12.42308
16.23563
10.72495
14.08348
18.34894
13.26423
12.74924
12.87008
11.06435
7.87106
10.52190
10.41151
10.45395
18.59523
7.68300
14.74787
12.65295
13.67035
15.91820
9.73420
13.07137
13.22481
9.13043
20.08114
10.10168
14.22117
15.29477
13.28775
12.39564
16.35926
15.00493
14.60129
13.77317
14.54950
12.13564
8.23364
10.60720
13.71262
13.46665
12.31527
14.65517
13.80208
14.77591
12.57259
12.41135
12.31527
21.17347
14.50771
14.81984
18.03423
13.11499
13.26572
14.81984
10.26987
11.21681
14.59209
12.85266
11.94345
16.31100
13.07008
12.73946
13.77874
10.48005
17.00712
14.05335
11.30582
13.10519
15.57471
11.49425
10.56034
13.55466
15.43355
12.48913
11.30582
14.98674
12.81609
7.97060
18.48502
11.30582
12.81760
10.81405
10.07771
7.16409
11.74569
10.15742
13.58478
17.05026
15.85613
15.35840
17.33804
7.99320
16.18664
7.94414
11.35935
13.29553
14.07407
14.30090
11.09746
18.27853
12.40686
10.36683
11.80223
16.20308
12.11279
12.99435
11.36364
11.13208
19.73829
12.58448
14.11818
18.34131
24.36759
14.37393
7.54011
12.01721
13.32709
13.43675
17.28148
12.51105
16.70936
12.53244
13.22192
16.84547
13.84933
11.35057
16.85824
15.18568
13.89112
11.42857
14.94709
14.37177
11.70635
23.42325
12.88156
20.49689
10.29541
11.07642
10.31341
12.01846
15.85048
13.33432
13.01724
16.85824
15.01989
14.96836
16.55172
14.61925
14.39227
12.32823
13.15322
12.78891
11.70117
12.53918
7.32468
14.56981
13.22034
10.43587
12.04730
8.75653
10.49242
11.89337
