47.18249
43.84310
49.82083
49.75293
50.73881
52.41756
51.54663
46.60287
48.76027
46.17117
44.76048
46.77926
51.72874
48.26820
48.51376
51.68527
57.44521
54.64508
45.33766
52.64606
50.02815
45.31963
51.67935
52.59329
32.01264
49.38623
49.51076
54.61222
50.57917
55.41852
48.79843
49.30469
54.97494
50.68279
46.58181
46.92982
46.99128
46.50772
46.62829
49.59580
55.12808
37.51687
51.35691
50.04177
56.82673
54.27017
54.75894
53.79716
53.03549
45.20548
51.81488
53.67940
52.48982
55.60976
43.03653
58.03861
48.45390
47.35043
55.46360
50.77056
45.90244
31.56250
54.42162
47.40230
52.72799
48.81119
47.08772
51.59817
54.33571
52.69293
53.35256
44.51209
50.92317
51.87934
49.11213
53.13525
53.77313
50.40473
44.60919
51.86294
50.85784
47.95054
61.55254
56.35965
57.58547
46.73773
50.23148
53.28999
49.63080
50.90278
44.09722
58.27213
49.35741
52.84110
53.56360
50.72125
57.27240
45.31668
50.06656
50.90968
37.66082
52.87281
49.13391
44.50041
49.75583
52.52103
46.44162
50.64141
55.55767
50.95902
44.68468
46.21622
50.55770
53.24675
49.38575
49.69325
45.73171
43.54180
48.52681
52.20329
48.15223
51.08767
49.39233
47.12727
48.63551
50.02074
58.36123
46.45662
44.73446
56.17486
50.45521
52.95652
46.56790
42.12963
43.27843
50.20444
46.59004
49.88148
44.94017
50.75075
48.10980
49.28529
54.03922
47.38813
49.69432
44.25770
46.97436
47.90476
48.35833
52.81988
44.61017
52.88889
46.26217
47.90476
59.10324
45.12821
49.62092
46.21941
50.21982
49.35802
39.21212
55.66245
50.54321
52.83002
48.33841
47.92361
52.87778
49.34815
59.62919
47.11111
45.80843
47.02899
49.50988
40.27193
47.89825
48.93635
49.95469
54.45782
52.65976
49.29728
52.50186
50.73386
51.05540
48.43657
50.45377
50.04098
47.92946
49.21580
47.99138
51.76986
63.01235
47.16667
52.78715
51.06841
56.26117
49.78862
52.72289
49.94118
48.93458
49.13821
44.36975
52.71984
49.07087
53.09961
52.47868
48.07777
43.39447
46.92509
51.44824
51.84978
50.09132
43.60966
54.03672
52.28834
46.66285
48.96305
44.84317
52.04960
46.54786
52.70290
51.42123
44.64142
56.23203
52.98713
46.84427
40.17583
52.35396
49.15271
47.44972
55.17270
46.15949
