35.34187
34.66859
34.35961
32.43243
32.81707
32.69592
28.60502
30.39642
34.60288
38.69368
30.86402
31.77500
34.84262
32.75397
33.19915
35.11223
39.38257
35.01424
33.96141
35.24287
33.16328
33.86967
20.82735
33.91848
35.67205
35.56668
38.15548
29.40794
32.90351
35.64860
38.81521
34.42186
37.51596
34.92684
31.14452
33.12789
34.93440
30.30330
34.37325
32.85664
31.02300
30.08475
34.88967
37.37411
31.04898
33.20730
30.28740
30.24993
37.14113
34.80796
35.04547
36.10169
35.06184
29.41176
33.37817
33.67423
34.30781
36.26956
27.29312
39.44995
33.88809
29.80071
20.82735
38.27901
32.75836
32.97406
33.08666
34.79561
29.48399
33.63301
30.93220
35.30884
35.03280
31.40744
28.37057
34.31202
31.52733
31.91242
41.36804
37.08106
38.46759
32.04672
34.07777
33.83051
31.23341
32.41009
27.40548
35.84619
32.66679
35.53672
32.36164
31.09031
38.93117
36.26714
35.69629
31.67317
31.16573
29.86696
33.34761
32.60574
33.97209
39.90198
34.06650
34.85060
29.12794
29.05085
35.15758
34.91099
34.45503
30.77394
30.41107
29.53141
31.16833
38.13559
37.49153
33.95554
29.07253
32.25705
30.77654
30.63096
29.07586
39.48914
33.31643
34.82759
30.47893
26.45320
32.84353
37.51033
34.72594
30.94397
31.76357
34.31667
36.29237
38.10703
30.19757
28.67838
31.43477
33.70056
32.22272
37.47592
28.61017
30.94871
29.83711
32.34998
44.54733
39.82558
34.28571
80.40816
35.74332
35.10896
29.00777
32.51442
32.91607
33.67480
35.65615
33.39980
34.59081
31.60632
33.54486
34.67542
29.06692
31.38771
36.33979
29.22929
43.30370
33.24641
33.58073
33.20264
31.91204
34.57138
32.26706
37.60863
39.51385
33.32140
35.20173
34.35317
33.31737
34.15856
30.91133
29.08966
38.44617
37.15995
36.42953
32.76561
29.43800
35.98637
31.83088
37.73944
34.71303
35.00713
31.42214
30.11147
31.43126
33.91534
35.62649
32.75047
31.81818
31.62835
29.24138
35.41218
35.94665
32.75862
36.41975
36.12732
38.00766
28.89309
31.97294
32.21552
34.37387
28.99326
31.40601
31.26518
