26.77875
28.45084
32.98173
29.92131
33.04094
29.83226
32.02153
30.39697
32.02153
27.27762
28.38489
26.58378
29.54051
33.02262
29.98145
29.02552
33.53153
27.20253
29.74920
26.39610
32.16196
32.86089
30.46177
33.88600
29.65383
31.64118
30.28638
30.73005
35.24204
29.34783
34.30799
30.48469
31.30963
27.76962
29.50503
32.73224
29.79429
32.93820
18.38688
31.93473
30.97500
31.73017
33.14780
26.47528
39.77468
32.12233
30.42196
31.69856
31.76544
37.77540
31.67674
21.31579
28.52190
30.01735
35.35043
33.44379
37.96780
29.69830
28.79174
27.89247
26.80723
28.00343
28.95437
32.45614
33.18555
23.85652
30.19267
30.38278
33.10718
32.40772
26.74342
29.36324
31.14895
34.79632
35.83811
26.15630
33.57161
32.03463
32.36549
37.95665
31.13791
29.05297
28.41951
28.95208
32.09457
28.52633
26.95965
33.35996
33.09429
27.54386
26.58753
32.68421
30.93347
27.11466
32.59176
29.82592
24.87760
32.84024
31.08616
29.76050
36.34407
32.39564
31.62174
30.01735
31.76377
27.99570
28.69598
35.38986
30.35714
27.18515
28.57296
27.79352
30.20449
34.01192
28.08772
29.11021
31.62531
30.26571
27.58482
26.45149
30.42537
32.18391
38.70675
38.83389
28.66646
29.41558
31.31725
38.80405
31.60695
25.44203
29.34220
35.42964
32.33766
29.30342
33.30003
29.26716
33.99621
31.40193
31.05424
29.16037
34.11801
39.24089
30.59211
30.63019
26.52071
28.72393
32.33450
30.98322
28.41093
27.98962
26.52071
32.14152
29.18719
30.54982
29.48232
28.14794
23.44779
24.55452
28.40763
26.03099
27.20779
37.49340
28.14794
33.32771
31.19903
34.40271
26.17628
29.17083
33.99711
30.80808
31.82516
26.86261
30.38513
26.43486
28.40148
30.23435
26.80324
30.27720
29.49939
19.31638
30.49068
30.15015
34.47856
29.75789
30.41616
33.30592
28.10750
33.05633
27.35009
28.50651
33.10782
30.55854
42.19498
29.62144
33.38650
32.46753
32.23140
30.22959
31.17284
29.99038
31.90946
33.17100
20.14369
25.49351
27.71619
29.35673
29.72564
29.73684
27.91914
28.63386
30.09003
30.23446
31.93709
29.56745
29.33393
33.25845
33.82675
27.89247
34.97091
31.54605
30.24194
31.13692
30.29287
29.85121
35.67636
29.15910
31.62235
29.50799
28.71259
33.73475
32.22578
36.76668
29.48458
25.27745
29.00433
30.00852
29.68658
34.27673
32.90135
30.60162
32.23218
25.79716
30.55468
29.07895
27.18930
36.15337
33.29398
31.81358
26.71072
27.43257
36.06394
32.48058
35.10573
20.14369
27.81834
27.92644
28.73216
