44.08348
44.26393
44.42454
57.41155
46.36700
46.95567
44.81785
43.49889
43.22034
43.84688
40.60294
42.57982
44.94253
47.26661
42.15256
44.99521
43.85445
50.51932
39.57820
43.62759
40.62880
47.88842
48.89101
45.67997
47.11394
49.44974
43.60685
46.87356
29.51149
48.83439
51.04846
43.80423
46.38174
42.76573
45.25613
48.90282
43.54914
40.43245
48.47001
48.00520
52.02182
40.68581
44.40656
49.45284
52.36257
47.06812
48.66623
42.21565
49.87506
44.88366
53.40570
44.71983
34.32950
41.35025
45.04812
46.93817
43.48031
45.64103
40.76687
43.81388
42.54386
41.69247
43.99314
47.11941
50.46890
35.86048
48.36623
45.24189
47.60234
50.08986
47.79596
47.91423
39.41388
44.52799
45.97315
49.04971
48.84537
36.64160
48.02355
41.92628
40.21040
45.65217
50.72797
45.65308
43.57907
28.32512
49.34447
42.76452
43.53448
47.05424
49.09844
42.89333
38.99074
48.19643
49.24120
48.27710
41.99001
41.65647
47.06644
46.15706
42.74047
47.73140
46.77396
44.75203
44.61585
44.43665
50.66313
51.09040
41.82787
45.77176
47.13648
42.73707
45.37385
45.11494
43.19527
40.91866
49.39472
45.66124
48.61841
44.20609
51.27229
51.54454
42.67241
43.92633
49.70918
33.05209
47.98106
44.85283
50.95755
45.65430
41.35191
43.37232
40.95766
45.00054
40.42248
42.74817
43.99725
50.87326
48.95451
44.33962
45.40230
44.93764
42.48453
43.31314
48.51097
45.61422
43.85468
41.90532
41.26040
37.38158
42.87011
42.75193
43.52446
35.08142
41.89017
46.12408
45.20842
40.04580
39.31034
40.01962
51.26616
44.64158
46.07829
45.32976
39.22759
42.99161
49.65943
39.83201
42.55974
51.32137
42.40604
44.72531
45.82870
41.68220
45.50836
46.41379
39.22759
44.17697
39.82652
44.20063
42.08033
43.92960
37.91051
43.81339
37.09457
46.31846
39.32744
53.21589
44.72108
33.37066
41.21369
47.67985
44.76709
50.53050
44.61207
38.96923
47.60649
46.97792
40.17601
46.21079
41.91044
43.21780
49.51034
44.79090
55.82139
49.62589
42.40646
56.53358
44.96473
44.18605
46.76928
45.00821
46.44226
42.22304
34.32950
38.01724
42.31497
47.38263
44.07399
43.82606
44.76813
51.85453
44.60638
46.95197
45.70906
46.44016
42.64873
43.71996
47.79774
44.90778
50.80585
41.22346
39.38150
48.14971
42.10636
43.89655
38.62069
53.60632
43.11919
48.98119
44.17388
44.79786
49.36634
44.33653
43.94955
43.71082
41.84279
48.92743
45.10403
45.89627
42.19067
38.63568
42.08711
43.76787
48.40636
47.52612
43.28421
46.06417
47.40656
40.35088
44.06415
38.89511
40.67893
47.27096
48.35177
48.11166
34.43205
44.86314
45.91512
46.23982
49.42218
31.37931
40.90823
42.03256
43.65551
46.70165
41.68179
