19.60720
24.04339
20.79772
19.96892
21.51822
20.51282
20.84169
19.58654
19.55671
22.57457
20.21029
23.56844
21.10469
18.45810
19.14474
20.77427
24.19065
20.93909
22.70026
20.23493
21.24845
22.25216
20.14881
21.62500
18.07392
23.75000
21.99901
20.42824
22.58650
22.16117
20.05952
23.96029
20.94825
21.81818
23.98662
20.81888
14.62121
20.87218
20.12695
21.14890
19.53125
25.37660
21.55086
19.66100
20.66272
22.82366
21.72012
23.08910
19.32438
21.71883
21.35147
18.35759
20.95023
21.08774
23.58191
19.43532
21.83673
21.67478
23.40492
20.15385
19.31911
20.21029
23.26154
20.41614
18.89926
23.38462
22.31653
20.74115
21.12689
21.85020
20.39263
20.27065
21.93052
18.63208
21.80541
20.37760
17.91802
21.96181
20.94450
21.76082
19.64036
22.00165
20.78457
17.97571
22.49546
21.46154
24.44444
24.26471
21.69426
22.56410
21.34266
19.20596
19.93093
20.71678
13.49650
21.57265
20.58654
21.08214
22.08042
19.81738
16.77656
19.27179
18.56950
19.52381
19.73830
20.05511
22.09135
22.51105
23.05793
20.66722
19.30829
18.75214
22.08458
19.44848
19.27945
17.19572
19.98662
20.81764
20.97659
20.47053
18.08907
18.76173
22.26448
19.78022
23.51648
20.79404
20.15385
16.03651
17.87449
21.14144
19.57101
21.17172
18.64620
21.55104
20.59429
19.36680
20.56678
19.48052
21.20336
21.86682
21.37592
19.34278
21.94625
20.22405
20.99068
19.29164
20.01821
21.39676
14.84615
20.22405
18.69591
22.25013
19.34481
21.01500
20.31136
25.26807
20.96154
17.89110
20.91113
21.79143
22.04867
17.21572
20.01914
21.97802
20.68594
17.09724
19.37063
14.13919
16.09105
20.43116
19.20900
23.61264
22.03390
22.81678
21.50655
20.47776
21.05847
20.39311
19.91502
19.69151
22.49273
18.59177
20.00248
21.68962
23.75622
21.01725
20.78550
20.48847
19.24662
19.62429
18.22059
20.68066
23.79948
21.64352
22.86058
19.15323
18.02513
19.76103
22.58603
21.82112
20.15244
16.83824
19.51898
20.78901
21.61885
22.43918
21.07389
19.61358
22.82825
21.76257
22.64468
20.80406
21.75284
22.15193
15.06635
21.55086
17.91802
20.00411
22.51420
19.27083
15.11315
19.55645
19.79944
21.96828
19.96965
22.07287
