58.76730
55.78541
60.12075
70.79696
56.48706
57.74764
61.10512
56.28032
56.69581
55.26787
56.64924
55.66038
55.32149
64.46361
59.39953
49.53398
54.34564
61.25635
55.14730
56.64189
58.29839
60.67120
39.94380
60.44356
58.90601
58.22226
64.43144
57.33364
58.48806
54.63032
60.43797
57.12073
54.04283
57.59215
70.19231
56.05601
50.75758
52.96536
55.25460
55.63187
50.64103
54.09868
56.35718
61.88811
55.01479
56.60839
58.51459
57.41975
60.53322
54.40447
61.10792
57.55769
60.25327
66.52209
59.47712
65.59715
42.86988
52.54334
55.96520
57.14516
62.99865
58.70886
47.55863
60.21934
57.87115
61.28606
52.83883
61.00113
60.19814
57.92177
54.20541
62.97203
52.05272
57.52574
58.77325
52.77957
51.28205
53.47132
58.30128
62.44557
61.90997
50.24291
55.14626
58.99345
54.50474
51.53289
59.32037
56.79303
52.44755
56.30342
60.47511
60.90931
55.97957
66.11991
47.38248
63.14707
57.85136
52.10280
64.34911
62.09207
55.73468
55.58432
54.35414
59.64326
61.09844
61.50614
54.19580
53.36306
61.55385
55.54299
62.25962
64.59566
60.11043
56.81933
53.25590
56.12981
61.71154
55.87045
62.75731
57.01703
56.67224
53.94661
61.51018
48.99783
58.49185
45.91195
51.14609
55.39216
55.76564
59.52941
54.61361
49.12191
54.31955
65.19608
56.00240
58.77325
62.39391
55.53396
62.01226
57.90943
54.38034
56.26299
53.34881
63.39286
61.70814
60.95506
56.83024
54.23400
60.37639
53.80845
54.88565
58.39206
60.86590
58.25472
50.94340
62.30547
53.39765
52.44902
51.69811
56.51248
60.16173
52.53070
53.30189
61.24692
59.73813
55.16194
47.91209
53.76999
59.78022
54.90891
47.40919
58.53276
51.53019
69.81474
52.97030
54.34911
49.93895
54.25037
54.43396
59.16493
56.00915
56.12517
66.78102
56.53212
60.02469
56.36792
67.96330
63.06166
51.07627
55.91284
61.93884
55.89744
56.22540
63.15208
56.52934
60.37339
52.52747
60.03606
48.05318
51.40824
56.18729
60.10989
69.61538
57.85714
52.46548
52.61101
62.54006
67.40785
53.75512
67.92986
56.70788
58.81963
56.61896
54.78098
53.91872
55.76923
58.46893
60.75721
57.59615
54.20486
49.05936
56.08644
53.74078
52.60902
54.99404
52.42286
52.96053
60.07911
60.76923
55.85165
58.75139
57.31400
62.09677
55.24133
50.14475
59.28859
59.03977
51.21154
59.79251
58.72298
56.08974
58.81552
53.05944
56.37652
48.86723
53.31825
61.13861
59.26154
65.07531
57.69231
56.86813
59.89819
48.46612
54.52854
49.66063
53.01775
52.61101
54.51984
59.10886
56.27456
45.96531
55.56133
53.30893
54.07271
61.53480
58.74313
57.45338
52.07794
57.66597
59.06709
61.89789
54.40682
54.66797
59.95191
56.88965
56.44112
56.49113
