24.17207
16.89655
20.63633
20.59618
23.13767
17.78416
20.04712
23.75830
12.68741
21.00241
16.55855
19.11485
17.11644
29.52857
17.35175
21.65549
21.76150
24.28571
27.22008
22.54902
22.63199
22.91105
4.53297
24.67532
18.73898
28.48720
21.66039
21.40140
19.87202
26.90374
14.85693
18.94678
12.85441
23.98399
23.53726
20.95738
25.23511
19.36738
23.03114
22.22868
20.16854
19.10920
20.43155
22.41379
22.32258
15.78880
19.26056
17.72135
19.18981
19.00901
21.68808
15.49105
11.20219
14.75410
26.03229
23.37388
19.59845
18.76930
16.83386
22.00867
19.43616
21.10922
21.77326
25.96904
27.46799
21.58571
22.69754
25.23159
28.89610
22.34321
24.08178
19.44758
23.34807
19.58783
29.82399
22.47294
17.59322
20.94499
24.74227
22.46465
25.49834
23.12030
29.55182
23.76450
25.77647
20.26100
23.07994
23.69486
17.06302
21.77719
27.90609
19.57261
26.03725
20.05370
23.82851
25.41678
20.89951
24.82902
27.63078
23.25016
20.19318
24.57214
21.74055
21.03051
17.21311
24.18752
22.65736
22.34624
24.28541
18.34805
21.06342
23.66432
18.93810
26.58166
24.80811
22.93374
11.90801
26.07479
31.78559
22.29579
22.86196
21.65948
21.22989
23.22980
24.80322
22.54882
26.72276
23.31081
23.15217
21.26327
20.80846
21.15819
16.06918
22.80303
20.30864
20.89226
26.52778
21.08321
16.09841
15.95263
26.41143
18.37284
27.79408
22.52366
20.14519
18.48659
21.85035
24.49859
22.43064
26.55367
21.64985
20.20006
13.78800
18.43385
17.06471
18.07910
27.46798
30.41935
12.17172
25.47496
20.83960
22.78826
24.91135
15.02924
22.23757
21.95922
16.42473
28.42105
18.22532
22.65719
22.67108
19.91945
27.20246
24.24545
21.57581
23.00504
23.88290
20.63182
12.88136
18.51113
0.69124
0.64599
0.69124
24.17417
24.20207
22.39338
24.47441
25.69955
25.81166
22.12919
21.21972
22.57693
32.34957
24.52688
23.74113
28.68794
23.18367
21.96296
23.77660
16.14865
20.42125
23.90212
22.10667
20.74349
27.95679
23.27827
21.18644
23.62120
18.34026
28.83169
24.71438
21.18644
22.99043
24.84110
19.37046
18.92234
24.38603
25.71917
22.30667
20.41667
24.19540
21.08844
13.38462
30.90608
20.49479
21.86583
18.72727
17.87162
12.13542
20.49180
16.22642
23.11263
27.39734
25.98639
25.62428
26.54122
12.54762
24.78548
13.57143
19.35185
21.90367
25.16181
22.33256
22.72827
17.23333
18.86850
29.76716
20.63973
22.75397
25.42328
34.47279
21.90058
11.95946
20.26217
22.04444
23.95855
29.16795
20.02365
27.64595
22.03390
23.20420
27.67554
24.91172
19.96993
26.50559
25.40267
23.35784
19.59900
22.60753
22.82051
18.75000
33.18627
21.25850
30.10101
16.53558
18.14693
14.97076
20.07168
27.58716
23.26271
23.89284
25.93046
25.66586
25.99491
24.78814
23.38983
24.02859
20.81453
22.35984
22.24132
19.36035
22.62159
11.64474
23.90999
22.32433
18.49978
19.82588
14.62585
18.10207
20.40692
