23.59133
22.78982
22.78393
29.03970
24.09832
24.05104
22.24836
23.11361
23.23517
23.11361
21.04193
20.56680
25.06173
21.07377
25.33866
20.52737
18.30941
23.96332
23.51681
21.42591
25.58912
21.22807
21.59189
25.29166
22.78393
23.63360
23.54520
22.80702
23.84370
24.70639
21.42544
23.11373
22.87322
21.84032
27.11885
24.47423
23.81045
26.54181
26.58136
22.67609
21.90733
22.52632
24.77334
16.34178
27.87524
23.45479
22.58305
18.61598
21.84611
24.32448
27.02924
23.34683
23.03444
25.13158
27.52193
23.10155
21.77750
24.36154
22.54073
24.48255
22.82651
21.21972
25.32164
23.36611
22.46022
21.47457
21.55789
22.45231
27.48933
25.69244
19.79307
22.12894
23.41966
22.68281
20.85020
25.85220
24.51441
23.57150
21.59411
23.18296
22.56319
25.56214
24.25521
24.18485
23.91601
22.30769
24.16800
26.50116
24.11184
24.45037
16.04466
25.46180
23.00377
23.24267
23.82606
25.51925
24.51441
22.27603
22.82509
22.38008
27.60618
24.02850
21.09635
23.47884
25.54945
23.03922
22.86036
24.18485
24.16800
22.92632
21.92487
26.38294
25.34626
21.59244
24.05702
24.66716
22.45218
27.94286
22.79900
22.78802
23.13161
22.57143
23.82488
22.67857
22.63072
23.14744
22.91517
26.25000
16.84303
25.71796
24.17442
23.07956
24.45286
24.54833
29.52228
29.22995
23.11779
23.46894
24.37022
25.66802
22.06114
25.17781
21.03893
27.53190
26.23225
22.60715
23.76462
24.08521
26.77632
23.42954
22.42465
23.85249
22.22694
20.80020
22.31579
31.00103
24.92026
25.69744
23.06328
21.53914
23.18841
20.41060
22.88534
21.60789
27.16086
25.86936
27.11963
23.20678
23.78692
24.27249
19.02709
21.45009
21.97802
21.12564
25.91837
24.87825
23.02381
22.71739
21.40805
24.05799
22.76465
23.32792
21.92377
22.93651
25.68847
24.77229
23.60155
25.19342
21.90733
25.59660
22.20206
22.98246
26.59802
21.90733
22.58627
19.65628
21.48404
22.55337
16.75439
25.67229
23.87490
23.71670
24.64698
21.46199
24.34614
21.11283
21.97250
24.30975
24.01838
29.64307
24.41692
24.24812
22.68740
27.08526
26.07754
24.30622
23.73155
24.13350
20.44793
25.59809
15.95656
20.27491
22.80702
22.20206
23.76002
24.26901
22.37996
22.40954
24.75634
22.78401
25.71306
22.86894
23.42105
25.31760
23.66228
23.32652
24.46394
22.82841
25.48104
24.85698
28.26785
23.03553
21.24429
27.56892
22.67075
27.03554
22.48384
23.06043
22.44341
25.29440
25.14976
22.54817
22.01142
25.75188
23.22995
24.01316
22.25877
19.96658
23.46059
25.21186
21.60518
24.38295
23.50402
25.22894
20.62569
24.02701
23.00420
22.29853
25.47376
23.65340
24.38025
22.39229
22.52435
24.38295
25.45383
17.05357
21.52201
22.63072
