39.02065
37.28048
39.44157
39.75920
41.70313
39.71799
38.56707
38.85771
38.83197
35.67839
37.46936
38.51776
36.94383
40.19561
42.32565
45.70812
29.33201
38.34325
39.02573
39.31356
41.30952
32.81250
41.64431
37.80637
40.38915
41.42857
40.47897
38.39143
36.95988
42.50324
35.67288
39.50321
34.04018
40.46556
40.21959
44.05758
39.82470
40.67308
39.17411
45.15533
38.25000
42.01037
39.52546
41.22834
40.44125
36.58537
40.93817
35.48753
38.50454
42.13483
26.20232
43.00144
39.90783
41.53948
43.37798
42.91627
45.88826
41.50943
40.22017
39.71631
45.00000
39.80537
26.86203
39.00585
42.96349
41.42712
39.47809
39.61897
45.70333
40.06691
37.33432
36.08534
38.44385
41.37745
44.68128
32.32016
39.89140
43.53089
40.33417
44.48550
35.99406
43.09869
44.29904
41.99831
35.26786
41.09516
40.46210
43.50784
35.07937
40.18033
41.19210
40.37091
45.68254
40.97744
38.70070
25.97403
43.76112
40.31746
44.92883
39.12345
41.08088
36.46874
37.71008
38.10469
42.20459
41.95935
37.85662
36.18727
42.28301
49.91415
39.84725
38.19260
39.18622
37.56510
38.28687
36.95747
42.11648
38.93229
39.05352
44.88648
44.21423
38.29932
35.19882
41.58991
40.81983
41.01655
38.04762
46.09929
45.00037
46.80556
48.16180
38.52168
39.89749
40.90570
37.84592
40.29788
37.29072
41.32206
39.94436
37.56893
41.27887
43.58796
39.65824
42.41302
27.65625
41.35322
39.45313
35.36838
44.86400
41.41447
43.49593
43.62245
41.52107
40.61028
36.75485
43.17146
38.66093
39.22619
37.78935
37.38257
33.82540
39.29404
45.70812
40.26599
41.48840
42.03341
38.70968
37.87687
36.58621
46.70507
39.31821
43.09347
39.96976
39.14984
30.31250
32.68995
37.58965
35.43610
41.53998
36.44301
41.55093
41.27241
42.68653
36.47768
44.78178
40.99568
36.48901
39.89772
43.18257
42.54149
40.60820
43.36048
40.26882
38.80386
48.80129
36.62015
34.84375
38.52653
34.74826
38.30966
38.85472
26.96078
34.86607
42.36469
44.32726
43.00098
43.14869
36.50794
43.43213
38.51224
39.49323
41.99531
43.02600
51.34957
28.25806
37.20229
39.09260
36.92780
38.77293
44.42928
41.54646
41.09571
40.97449
38.70968
39.50906
41.00307
41.73955
37.61338
50.49971
39.53137
35.16595
38.76404
38.92717
43.03616
41.98454
42.22222
40.62023
39.35287
36.71958
39.38336
42.04114
38.36508
40.37444
38.25240
41.26984
44.40853
50.69580
37.20895
43.52560
39.22900
44.22958
39.32505
41.16138
38.02897
33.63147
41.46938
38.00336
43.60119
43.48912
45.33183
40.98840
36.40873
39.58730
41.86869
41.82035
39.09465
36.22608
41.29761
41.86514
35.99049
39.66515
37.80144
36.53576
43.28341
44.23570
43.77057
