28.21242
18.55956
19.29825
20.33024
26.15420
17.04261
21.29271
21.08323
19.82148
19.38179
20.06273
19.49875
18.06172
19.77058
22.93086
20.48210
19.62987
20.27972
17.27013
21.08220
17.43518
18.44145
18.74549
23.52677
21.64642
20.30651
23.95685
20.66416
18.68096
19.44226
22.97410
26.35756
25.09585
20.79272
23.30827
21.06326
19.91637
21.48875
23.03656
14.32090
25.98349
24.51826
21.07133
19.92548
21.42437
17.75396
19.25862
16.66667
21.52578
19.73027
19.66122
19.34925
19.10931
22.30576
22.21705
25.09438
19.55385
16.44737
18.42657
23.63409
18.35358
29.00208
34.65051
14.18919
7.45098
13.94636
19.20127
19.20078
18.66931
18.41567
18.97927
19.27796
21.76356
21.83099
17.36842
20.00697
19.88304
21.41383
20.99330
23.97114
20.01509
19.12528
21.41353
20.56189
20.69214
21.22494
18.37928
21.63743
22.14274
19.69697
20.23392
20.91279
25.56005
22.81361
20.51115
20.28070
13.46154
22.01843
20.84146
20.33024
21.03292
20.99604
19.51508
19.34766
20.86884
21.68075
18.62551
18.99815
25.92105
20.40862
19.93389
20.06683
20.84835
24.04159
18.55401
21.98905
18.59668
19.31920
19.71261
19.02857
20.34598
26.47059
19.55724
19.43069
19.49698
17.19851
23.91895
18.22777
19.11028
23.26030
26.09649
20.95206
18.89887
23.60902
20.94702
18.65930
19.98650
18.52425
18.39229
24.33503
22.13063
21.49724
20.68892
24.47729
24.33309
18.80761
19.81540
22.60459
15.41733
20.39129
23.73877
20.16807
27.87762
26.85560
22.12644
19.89232
18.99749
5.53306
21.23927
25.61853
20.12384
20.79272
18.69219
20.38319
19.64418
21.34811
20.35088
18.09211
20.55512
20.67183
19.18773
17.61186
18.58112
18.48603
25.51704
19.80388
19.83158
21.33259
19.56250
18.38081
19.32885
18.32737
18.36988
25.23617
23.50709
20.57847
22.54220
20.96949
18.51718
25.08544
20.08354
22.94766
18.59974
19.66692
18.55466
19.02554
20.38217
23.10353
22.92398
20.17544
19.85055
18.54637
24.14314
5.26316
18.32925
15.20468
18.20768
20.57226
18.39080
22.58408
27.39464
19.26064
19.30634
21.78301
18.87859
25.13979
18.31897
21.26103
18.52193
17.99742
20.89992
24.32432
23.20054
22.24138
28.11555
20.93023
19.22921
20.05694
21.01293
20.59537
24.04719
16.29588
18.17529
18.55255
20.69945
19.65403
19.65710
21.46930
21.63743
18.41451
22.70771
19.22742
21.90817
20.37281
18.49415
21.90058
23.77069
21.36369
18.96633
19.35729
24.59685
17.99758
18.56725
26.05263
19.98850
31.36500
5.53306
24.45970
20.16118
18.00870
27.42944
19.76933
32.01754
21.40930
22.25070
18.86317
19.12779
21.60629
21.58111
20.59304
26.17388
19.12843
17.85169
20.89249
20.38085
21.67687
22.37935
23.82189
22.51829
19.81352
20.10656
22.49012
18.53418
20.73200
19.91543
19.39394
25.73427
19.11130
21.33867
17.55449
15.93096
23.83772
21.03097
20.51557
23.45628
28.77193
16.58178
18.22796
19.05955
18.98558
