35.12545
33.94109
37.30489
35.87726
36.37673
35.25823
32.66492
33.66507
32.65039
32.87423
33.56927
37.57680
27.13774
38.85466
36.94389
40.13850
26.59222
32.04848
33.28446
34.31433
37.38239
32.60911
38.76728
35.62114
37.08491
36.55586
32.93374
38.25521
29.70674
32.78922
29.60152
39.52519
38.75533
33.81894
34.99779
36.17674
37.71121
38.64104
41.33333
36.14741
36.01424
32.61998
38.42041
40.21323
32.83215
33.33772
34.73199
36.73509
23.33148
40.84677
34.49042
34.97570
39.71110
29.61348
38.65525
37.11719
42.82360
36.39217
34.73304
38.33644
44.34598
34.51395
28.16042
32.37788
36.88345
37.19973
34.75508
39.00167
35.98197
34.02277
33.53598
35.71307
35.09048
39.13646
31.76995
36.50408
37.05867
33.27489
37.49267
31.84484
36.43090
41.26899
34.47788
30.31481
36.70802
33.50568
38.21505
30.72581
36.14919
37.68104
36.04876
35.63050
39.23415
35.42557
39.02851
23.30367
37.14421
32.89220
33.05300
36.32421
36.84157
41.42974
32.86452
33.65002
40.80645
37.63998
33.45021
37.70857
39.08996
37.17929
46.60734
36.08183
34.29339
34.40343
33.07883
34.19088
33.24373
37.59230
42.10985
32.88146
34.03137
31.30587
36.20405
36.31363
32.10085
32.51544
39.91935
38.93325
32.28429
38.41667
37.50000
38.24561
34.64912
36.76282
32.39247
35.00000
37.70588
39.43333
39.44444
37.12780
39.14298
40.21164
44.88966
28.08303
39.23020
37.12207
31.66373
44.23963
40.25471
40.46227
43.26054
41.14173
35.57342
31.83750
33.33865
35.02058
35.07430
32.44432
36.16071
30.01078
35.05859
41.30435
40.55851
36.51383
33.57923
37.28858
33.94332
31.50046
32.43463
41.84170
34.88051
36.17091
40.88603
31.97223
36.04980
34.42815
33.40407
33.02518
38.81892
41.02467
43.86277
38.26281
33.72331
39.48413
44.65894
39.67116
37.71210
33.50401
38.28648
34.31983
36.76064
39.33801
36.40093
42.52688
31.61290
36.29981
32.52688
36.73644
43.30442
37.08237
37.97384
36.46987
39.51613
28.66005
38.33890
36.37242
32.99283
43.32845
44.88558
39.47456
31.29719
32.95072
34.40282
41.38406
35.44859
36.13695
31.88387
44.36899
39.79806
36.14029
33.85992
37.04179
38.78355
39.26124
41.01951
36.05639
37.46326
40.78283
47.54162
36.29306
41.11111
34.23903
33.59143
39.42100
39.32981
38.54618
37.75313
37.90484
40.49496
36.29792
34.05701
34.83607
34.91254
37.21637
34.28529
32.29332
39.08767
36.54607
40.17181
35.00401
36.89024
33.36390
34.35345
41.36541
41.24095
39.39067
