23.87490
24.19591
27.29618
32.34450
23.05263
24.60278
22.70294
23.62229
24.65971
25.15480
24.56810
25.01754
25.00000
25.47368
22.60459
24.02746
25.04748
23.85641
23.93162
26.46761
25.53957
23.16652
21.79987
25.05482
26.21832
23.86096
23.02632
23.37199
24.88802
24.34729
25.22936
27.69940
22.36842
24.35289
25.78356
26.02796
26.81231
16.89751
27.28249
26.44737
28.28947
28.47063
24.92091
28.94737
27.48344
20.59497
26.29801
26.47190
28.54251
25.37112
26.20838
25.80972
28.53048
27.13816
24.50020
22.13346
27.27596
26.76563
25.59541
23.14440
24.09300
28.53457
26.17606
25.14302
26.02339
28.54010
25.52271
24.19355
26.32831
23.72881
27.21503
27.16425
24.11477
24.49355
27.40703
25.83554
23.59585
22.53711
26.02989
22.79444
25.64103
23.13655
28.10837
23.99801
29.42199
24.81605
23.81342
24.52620
27.08625
20.41958
24.12045
32.13970
30.25641
20.67825
27.98077
25.12371
26.61362
22.51841
29.97058
27.17049
24.97863
26.03890
24.90490
25.35627
27.35553
26.32633
20.38778
22.10425
24.54646
26.99238
22.65599
28.10811
26.23747
27.27555
24.60074
22.73115
22.65599
29.56341
23.76557
27.68362
26.62353
23.52677
24.91987
22.05128
24.26953
22.35043
27.36597
27.21547
25.54779
26.28205
24.55805
24.19062
25.71275
21.08974
24.68694
23.17814
26.09687
24.87179
29.20914
22.12726
23.45773
21.83082
21.37489
24.59800
20.67825
21.15385
25.85139
22.37713
24.15554
26.31579
26.03383
31.01504
26.76008
25.55024
22.94638
24.41729
26.85342
26.27424
25.37594
22.82072
25.05160
22.83675
23.97913
26.09830
26.49728
31.04067
27.49546
23.01587
22.12016
24.79811
26.18198
27.10185
25.21930
26.09950
25.58313
29.94555
20.45840
21.47833
28.22639
26.61483
27.95805
27.91538
24.56647
22.77569
30.30853
23.84003
32.02582
24.97023
27.76770
24.01316
25.03432
28.03885
23.86888
25.14921
25.53093
24.48025
30.32714
23.54848
21.28880
25.33156
23.88949
25.04931
23.76856
23.32913
31.47310
23.59844
21.93732
22.84644
24.58002
23.87268
26.48136
24.82303
25.79716
26.73684
25.22176
23.53383
25.21463
26.24131
22.55639
24.50292
26.63477
22.40997
24.60882
22.19864
21.92982
25.11962
25.66986
24.83974
26.33638
23.14440
24.56294
20.83333
26.02564
27.71062
24.85876
27.33594
22.52576
24.48718
26.92958
21.91142
18.00446
24.62352
24.44444
24.01625
26.14198
23.44262
26.83206
23.15657
21.51235
23.46535
24.52703
15.98684
27.50000
25.58140
22.55376
25.19048
20.29412
23.45588
31.54412
25.47030
23.72378
23.08394
25.82447
29.63636
25.02500
20.00000
24.50000
24.02778
25.57203
22.56579
24.34659
25.88785
30.88415
24.34816
23.89241
26.38554
